8.691003061004252128e-01
6.073009183012758605e-01
8.036504591506378192e-01
6.727507652510633651e-01
6.073009183012758605e-01
7.382006122008505367e-01
8.036504591506378192e-01
6.727507652510631431e-01
9.345501530502126064e-01
8.691003061004252128e-01
8.691003061004252128e-01
2.800516835523391701e-01
5.418510713514883559e-01
4.764012244017012954e-01
4.764012244017010733e-01
5.418510713514885779e-01
5.418510713514884669e-01
4.764012244017010733e-01
4.109513774519135132e-01
8.691003061004252128e-01
7.382006122008504256e-01
4.109513774519137908e-01
6.727507652510631431e-01
4.764012244017011843e-01
8.370214270297686443e-02
6.073009183012759715e-01
2.800516835523390036e-01
6.073009183012756385e-01
7.382006122008502036e-01
6.727507652510631431e-01
8.036504591506379303e-01
5.418510713514885779e-01
5.418510713514885779e-01
2.800516835523391701e-01
5.418510713514885779e-01
6.727507652510633651e-01
4.109513774519139018e-01
7.382006122008504256e-01
8.691003061004252128e-01
8.036504591506378192e-01
6.073009183012758605e-01
5.418510713514884669e-01
2.800516835523390036e-01
4.764012244017012954e-01
4.764012244017014064e-01
4.764012244017014064e-01
4.109513774519140128e-01
6.727507652510631431e-01
6.073009183012758605e-01
6.073009183012756385e-01
8.036504591506379303e-01
4.109513774519140128e-01
6.727507652510633651e-01
2.800516835523393366e-01
5.418510713514886890e-01
6.073009183012760825e-01
7.382006122008505367e-01
4.764012244017009623e-01
6.073009183012758605e-01
6.073009183012756385e-01
7.382006122008504256e-01
6.727507652510631431e-01
3.455015305021263972e-01
8.691003061004252128e-01
8.036504591506379303e-01
2.146018366025519708e-01
4.764012244017010733e-01
4.764012244017009623e-01
5.418510713514884669e-01
6.727507652510630320e-01
7.382006122008504256e-01
4.764012244017010733e-01
4.764012244017008513e-01
5.418510713514883559e-01
4.109513774519136797e-01
6.073009183012757495e-01
4.764012244017009623e-01
4.764012244017005182e-01
4.764012244017005182e-01
8.036504591506375972e-01
8.691003061004252128e-01
2.800516835523387260e-01
7.382006122008502036e-01
4.764012244017010733e-01
4.109513774519137908e-01
6.727507652510631431e-01
7.382006122008504256e-01
2.800516835523382264e-01
6.727507652510628100e-01
7.382006122008502036e-01
5.418510713514882449e-01
8.036504591506378192e-01
2.800516835523388370e-01
4.764012244017008513e-01
6.727507652510630320e-01
7.382006122008503146e-01
6.727507652510630320e-01
2.146018366025508051e-01
6.073009183012754164e-01
7.382006122008502036e-01
8.036504591506378192e-01
7.382006122008504256e-01
4.764012244017005182e-01
4.109513774519137908e-01
2.800516835523390036e-01
6.727507652510631431e-01
6.073009183012758605e-01
4.764012244017005182e-01
4.109513774519131801e-01
6.727507652510628100e-01
6.073009183012756385e-01
5.418510713514882449e-01
7.382006122008503146e-01
4.764012244017008513e-01
4.764012244017008513e-01
3.455015305021261196e-01
5.418510713514882449e-01
4.109513774519131801e-01
2.800516835523382264e-01
8.036504591506375972e-01
8.036504591506378192e-01
4.109513774519135132e-01
5.418510713514879118e-01
6.073009183012758605e-01
6.727507652510631431e-01
8.691003061004252128e-01
6.727507652510631431e-01
7.382006122008502036e-01
6.727507652510628100e-01
8.691003061004251018e-01
8.691003061004254349e-01
7.382006122008507587e-01
2.800516835523402248e-01
8.036504591506379303e-01
5.418510713514890220e-01
2.800516835523394477e-01
4.109513774519145124e-01
4.764012244017014064e-01
2.800516835523394477e-01
6.727507652510633651e-01
8.691003061004253238e-01
5.418510713514886890e-01
4.109513774519141793e-01
3.455015305021267857e-01
6.727507652510635872e-01
5.418510713514886890e-01
6.073009183012763046e-01
6.073009183012760825e-01
5.418510713514886890e-01
1.000000000000000000e+00
8.691003061004254349e-01
4.764012244017017395e-01
6.073009183012760825e-01
7.382006122008506477e-01
6.073009183012763046e-01
5.418510713514886890e-01
4.764012244017017395e-01
4.764012244017014064e-01
6.073009183012760825e-01
8.036504591506379303e-01
8.691003061004253238e-01
5.418510713514886890e-01
7.382006122008506477e-01
6.073009183012760825e-01
4.109513774519145124e-01
6.073009183012760825e-01
5.418510713514890220e-01
4.109513774519141793e-01
4.764012244017014064e-01
7.382006122008506477e-01
6.727507652510633651e-01
4.109513774519141793e-01
1.491519896527647993e-01
7.382006122008506477e-01
5.418510713514890220e-01
3.455015305021267857e-01
6.073009183012763046e-01
7.382006122008506477e-01
2.800516835523394477e-01
8.036504591506379303e-01
8.036504591506379303e-01
4.764012244017014064e-01
7.382006122008506477e-01
4.764012244017019615e-01
5.418510713514892441e-01
8.036504591506381523e-01
6.727507652510636982e-01
2.800516835523394477e-01
3.455015305021267857e-01
6.727507652510633651e-01
1.000000000000000000e+00
8.691003061004253238e-01
7.382006122008506477e-01
6.727507652510633651e-01
8.036504591506379303e-01
6.073009183012760825e-01
8.691003061004253238e-01
8.036504591506379303e-01
8.691003061004253238e-01
7.382006122008506477e-01
7.382006122008505367e-01
5.418510713514885779e-01
7.382006122008504256e-01
6.073009183012759715e-01
4.764012244017010733e-01
2.146018366025519708e-01
6.073009183012758605e-01
4.109513774519137908e-01
4.109513774519135132e-01
8.036504591506378192e-01
6.727507652510632541e-01
5.000000000000000104e-03
2.800516835523388370e-01
5.000000000000000104e-03
5.000000000000000104e-03
5.000000000000000104e-03
5.000000000000000104e-03
4.109513774519137908e-01
5.000000000000000104e-03
6.727507652510630320e-01
4.109513774519137908e-01
5.000000000000000104e-03
3.455015305021262306e-01
4.109513774519139018e-01
2.146018366025516377e-01
2.800516835523393366e-01
4.109513774519137908e-01
4.764012244017008513e-01
5.000000000000000104e-03
6.727507652510631431e-01
5.418510713514885779e-01
2.146018366025519708e-01
5.000000000000000104e-03
2.800516835523391701e-01
8.370214270297725301e-02
1.825229575318990452e-02
5.000000000000000104e-03
5.000000000000000104e-03
5.000000000000000104e-03
6.073009183012756385e-01
2.146018366025516377e-01
5.000000000000000104e-03
5.000000000000000104e-03
2.800516835523393366e-01
1.825229575319011269e-02
1.825229575319011269e-02
1.825229575318990452e-02
4.109513774519136797e-01
1.825229575318948819e-02
6.073009183012756385e-01
6.727507652510633651e-01
8.370214270297725301e-02
5.000000000000000104e-03
6.727507652510633651e-01
3.455015305021267857e-01
6.727507652510633651e-01
5.000000000000000104e-03
4.764012244017009623e-01
5.000000000000000104e-03
3.455015305021261196e-01
7.382006122008504256e-01
4.109513774519137908e-01
5.000000000000000104e-03
2.800516835523390036e-01
4.109513774519140128e-01
1.491519896527646050e-01
1.825229575318948819e-02
2.800516835523388370e-01
5.000000000000000104e-03
6.727507652510630320e-01
5.418510713514884669e-01
3.455015305021263972e-01
5.000000000000000104e-03
5.000000000000000104e-03
5.000000000000000104e-03
2.800516835523388370e-01
5.000000000000000104e-03
5.000000000000000104e-03
4.764012244017005182e-01
5.418510713514879118e-01
6.727507652510630320e-01
3.455015305021261196e-01
5.000000000000000104e-03
2.800516835523390036e-01
5.000000000000000104e-03
4.109513774519137908e-01
4.109513774519137908e-01
5.000000000000000104e-03
2.146018366025508051e-01
4.109513774519131801e-01
5.418510713514882449e-01
1.491519896527638833e-01
5.000000000000000104e-03
2.800516835523387260e-01
2.800516835523387260e-01
2.800516835523387260e-01
8.370214270297647585e-02
2.800516835523382264e-01
5.000000000000000104e-03
4.764012244017005182e-01
6.073009183012758605e-01
8.370214270297686443e-02
5.000000000000000104e-03
8.370214270297686443e-02
4.109513774519137908e-01
2.800516835523390036e-01
5.000000000000000104e-03
5.000000000000000104e-03
1.825229575318844735e-02
8.036504591506375972e-01
5.418510713514882449e-01
5.000000000000000104e-03
2.146018366025513047e-01
5.000000000000000104e-03
5.000000000000000104e-03
5.000000000000000104e-03
2.146018366025513047e-01
2.146018366025508051e-01
5.000000000000000104e-03
4.764012244017005182e-01
8.691003061004252128e-01
5.000000000000000104e-03
5.000000000000000104e-03
4.109513774519137908e-01
1.491519896527642441e-01
8.370214270297686443e-02
8.370214270297686443e-02
1.825229575318844735e-02
5.000000000000000104e-03
2.800516835523382264e-01
8.036504591506381523e-01
5.000000000000000104e-03
2.800516835523402248e-01
2.800516835523394477e-01
8.370214270297803016e-02
2.146018366025521373e-01
5.000000000000000104e-03
5.000000000000000104e-03
1.825229575319011269e-02
4.109513774519141793e-01
6.727507652510633651e-01
1.491519896527647993e-01
2.146018366025521373e-01
1.825229575319011269e-02
1.491519896527653266e-01
5.000000000000000104e-03
5.000000000000000104e-03
1.825229575319011269e-02
1.491519896527647993e-01
5.418510713514886890e-01
4.764012244017017395e-01
5.418510713514890220e-01
2.800516835523394477e-01
4.764012244017014064e-01
5.000000000000000104e-03
8.370214270297744730e-02
5.000000000000000104e-03
8.370214270297744730e-02
6.073009183012760825e-01
8.370214270297744730e-02
3.455015305021267857e-01
5.000000000000000104e-03
2.800516835523394477e-01
5.418510713514886890e-01
5.000000000000000104e-03
5.000000000000000104e-03
5.000000000000000104e-03
1.825229575319011269e-02
1.491519896527647993e-01
5.418510713514886890e-01
3.455015305021267857e-01
5.000000000000000104e-03
5.000000000000000104e-03
5.000000000000000104e-03
5.000000000000000104e-03
5.000000000000000104e-03
5.418510713514890220e-01
5.000000000000000104e-03
5.000000000000000104e-03
8.036504591506379303e-01
5.418510713514886890e-01
1.825229575319011269e-02
5.000000000000000104e-03
8.370214270297841874e-02
2.800516835523402248e-01
1.825229575319115005e-02
2.800516835523402248e-01
5.000000000000000104e-03
5.000000000000000104e-03
6.073009183012760825e-01
6.727507652510633651e-01
6.727507652510633651e-01
8.036504591506379303e-01
6.727507652510633651e-01
6.727507652510633651e-01
4.764012244017014064e-01
2.800516835523394477e-01
4.764012244017014064e-01
4.764012244017014064e-01
8.691003061004253238e-01
7.382006122008504256e-01
6.727507652510631431e-01
3.455015305021262306e-01
7.382006122008505367e-01
5.418510713514884669e-01
6.073009183012759715e-01
4.109513774519137908e-01
6.073009183012756385e-01
7.382006122008502036e-01
7.382006122008504256e-01
6.073009183012757495e-01
4.109513774519136797e-01
1.491519896527640776e-01
1.825229575318969635e-02
4.109513774519137908e-01
2.146018366025519708e-01
3.455015305021263972e-01
5.418510713514882449e-01
5.000000000000000104e-03
6.073009183012757495e-01
8.691003061004252128e-01
5.000000000000000104e-03
4.109513774519134022e-01
2.146018366025516377e-01
2.800516835523388370e-01
5.000000000000000104e-03
3.455015305021262306e-01
2.146018366025513047e-01
1.825229575318865552e-02
3.455015305021258420e-01
5.418510713514885779e-01
2.146018366025518043e-01
5.000000000000000104e-03
5.000000000000000104e-03
8.370214270297725301e-02
5.000000000000000104e-03
1.825229575318990452e-02
1.825229575318928002e-02
2.146018366025509716e-01
7.382006122008502036e-01
6.073009183012758605e-01
5.000000000000000104e-03
3.455015305021262306e-01
2.146018366025519708e-01
5.000000000000000104e-03
8.370214270297725301e-02
3.455015305021263972e-01
5.000000000000000104e-03
5.000000000000000104e-03
7.382006122008503146e-01
6.727507652510633651e-01
8.370214270297725301e-02
5.000000000000000104e-03
1.491519896527647993e-01
8.370214270297725301e-02
5.000000000000000104e-03
8.370214270297725301e-02
1.491519896527642441e-01
1.825229575318886369e-02
5.418510713514881338e-01
4.109513774519137908e-01
5.000000000000000104e-03
5.000000000000000104e-03
3.455015305021266747e-01
5.000000000000000104e-03
5.000000000000000104e-03
1.491519896527642441e-01
1.825229575318928002e-02
1.825229575318865552e-02
3.455015305021258420e-01
7.382006122008503146e-01
5.000000000000000104e-03
1.825229575318907185e-02
5.000000000000000104e-03
5.000000000000000104e-03
5.000000000000000104e-03
2.146018366025516377e-01
4.109513774519127915e-01
5.000000000000000104e-03
7.382006122008500926e-01
2.146018366025509716e-01
5.000000000000000104e-03
5.000000000000000104e-03
2.146018366025509716e-01
1.491519896527638833e-01
5.000000000000000104e-03
2.146018366025513047e-01
5.000000000000000104e-03
2.800516835523382264e-01
5.418510713514879118e-01
8.036504591506378192e-01
5.000000000000000104e-03
8.370214270297608727e-02
1.825229575318865552e-02
5.000000000000000104e-03
5.000000000000000104e-03
5.000000000000000104e-03
5.000000000000000104e-03
5.000000000000000104e-03
3.455015305021256755e-01
8.036504591506375972e-01
1.491519896527633560e-01
1.491519896527633560e-01
5.000000000000000104e-03
1.491519896527642441e-01
5.000000000000000104e-03
1.825229575318948819e-02
3.455015305021256755e-01
5.000000000000000104e-03
5.418510713514879118e-01
2.800516835523387260e-01
2.800516835523387260e-01
5.000000000000000104e-03
2.146018366025508051e-01
5.000000000000000104e-03
3.455015305021261196e-01
2.800516835523387260e-01
5.000000000000000104e-03
5.000000000000000104e-03
4.764012244017005182e-01
4.764012244017005182e-01
8.370214270297589298e-02
2.800516835523382264e-01
8.370214270297647585e-02
5.000000000000000104e-03
5.000000000000000104e-03
1.491519896527638833e-01
2.146018366025508051e-01
1.491519896527633560e-01
8.036504591506375972e-01
6.073009183012765266e-01
5.000000000000000104e-03
3.455015305021267857e-01
8.370214270297803016e-02
5.000000000000000104e-03
5.000000000000000104e-03
8.370214270297803016e-02
3.455015305021267857e-01
5.000000000000000104e-03
6.727507652510631431e-01
6.727507652510633651e-01
5.000000000000000104e-03
8.370214270297744730e-02
5.000000000000000104e-03
2.146018366025521373e-01
5.000000000000000104e-03
5.000000000000000104e-03
1.491519896527647993e-01
3.455015305021267857e-01
2.800516835523390036e-01
4.109513774519141793e-01
5.000000000000000104e-03
1.491519896527653266e-01
2.800516835523402248e-01
5.000000000000000104e-03
1.491519896527656874e-01
1.825229575319073372e-02
5.000000000000000104e-03
5.000000000000000104e-03
6.727507652510630320e-01
4.109513774519141793e-01
2.146018366025521373e-01
1.825229575319011269e-02
2.146018366025521373e-01
5.000000000000000104e-03
1.491519896527653266e-01
8.370214270297744730e-02
5.000000000000000104e-03
2.146018366025521373e-01
4.764012244017010733e-01
5.418510713514886890e-01
2.146018366025521373e-01
3.455015305021267857e-01
3.455015305021267857e-01
1.825229575319011269e-02
6.073009183012763046e-01
1.825229575319011269e-02
2.146018366025521373e-01
5.000000000000000104e-03
5.418510713514884669e-01
4.764012244017014064e-01
2.800516835523394477e-01
2.146018366025521373e-01
5.000000000000000104e-03
8.370214270297744730e-02
8.370214270297744730e-02
1.825229575319011269e-02
2.800516835523394477e-01
5.000000000000000104e-03
4.764012244017014064e-01
8.036504591506379303e-01
4.764012244017014064e-01
4.764012244017014064e-01
6.073009183012760825e-01
4.764012244017014064e-01
7.382006122008506477e-01
4.764012244017014064e-01
6.073009183012760825e-01
3.455015305021267857e-01
8.036504591506378192e-01
4.109513774519140128e-01
4.764012244017012954e-01
5.418510713514885779e-01
5.418510713514885779e-01
4.109513774519140128e-01
5.418510713514885779e-01
5.418510713514884669e-01
4.764012244017009623e-01
6.073009183012758605e-01
7.382006122008503146e-01
8.691003061004253238e-01
5.000000000000000104e-03
5.000000000000000104e-03
5.000000000000000104e-03
2.146018366025519708e-01
2.800516835523393366e-01
1.491519896527642441e-01
5.000000000000000104e-03
8.370214270297686443e-02
6.073009183012756385e-01
7.382006122008505367e-01
3.455015305021265082e-01
1.825229575318948819e-02
3.455015305021267857e-01
5.000000000000000104e-03
2.800516835523394477e-01
2.800516835523393366e-01
4.764012244017009623e-01
8.370214270297608727e-02
3.455015305021258420e-01
4.109513774519139018e-01
2.146018366025518043e-01
5.000000000000000104e-03
8.370214270297705872e-02
1.825229575319011269e-02
2.800516835523393366e-01
8.370214270297725301e-02
5.000000000000000104e-03
1.491519896527646050e-01
3.455015305021266747e-01
5.418510713514885779e-01
1.491519896527646050e-01
5.000000000000000104e-03
1.825229575319011269e-02
5.000000000000000104e-03
2.800516835523396142e-01
4.764012244017015174e-01
5.000000000000000104e-03
5.000000000000000104e-03
8.036504591506379303e-01
4.109513774519140128e-01
5.000000000000000104e-03
1.491519896527647993e-01
2.800516835523393366e-01
5.000000000000000104e-03
5.000000000000000104e-03
5.000000000000000104e-03
5.000000000000000104e-03
2.146018366025518043e-01
3.455015305021265082e-01
2.800516835523390036e-01
5.000000000000000104e-03
7.382006122008505367e-01
2.800516835523393366e-01
5.000000000000000104e-03
2.800516835523394477e-01
1.825229575319011269e-02
5.000000000000000104e-03
5.000000000000000104e-03
4.109513774519140128e-01
4.109513774519136797e-01
5.000000000000000104e-03
2.146018366025514712e-01
5.000000000000000104e-03
5.000000000000000104e-03
5.000000000000000104e-03
5.000000000000000104e-03
1.825229575318907185e-02
1.825229575318865552e-02
4.109513774519132912e-01
8.036504591506378192e-01
5.000000000000000104e-03
1.491519896527635225e-01
2.800516835523393366e-01
1.825229575318948819e-02
5.000000000000000104e-03
5.000000000000000104e-03
4.109513774519132912e-01
5.000000000000000104e-03
6.727507652510628100e-01
8.691003061004252128e-01
3.455015305021261196e-01
6.073009183012755274e-01
8.370214270297725301e-02
5.000000000000000104e-03
8.370214270297686443e-02
1.825229575318948819e-02
3.455015305021258420e-01
5.000000000000000104e-03
6.073009183012754164e-01
4.109513774519137908e-01
5.000000000000000104e-03
2.146018366025513047e-01
6.073009183012756385e-01
4.109513774519135132e-01
8.370214270297647585e-02
4.109513774519135132e-01
8.370214270297589298e-02
5.000000000000000104e-03
6.727507652510628100e-01
4.109513774519135132e-01
8.370214270297647585e-02
2.800516835523382264e-01
5.000000000000000104e-03
1.825229575318948819e-02
5.000000000000000104e-03
3.455015305021263972e-01
5.000000000000000104e-03
2.146018366025508051e-01
4.764012244017005182e-01
4.764012244017010733e-01
2.146018366025516377e-01
5.000000000000000104e-03
5.000000000000000104e-03
1.825229575318948819e-02
4.109513774519137908e-01
5.000000000000000104e-03
5.000000000000000104e-03
1.491519896527633560e-01
2.146018366025508051e-01
4.764012244017014064e-01
5.000000000000000104e-03
4.109513774519145124e-01
5.000000000000000104e-03
5.000000000000000104e-03
5.000000000000000104e-03
5.000000000000000104e-03
1.825229575319011269e-02
5.000000000000000104e-03
3.455015305021267857e-01
4.764012244017014064e-01
3.455015305021267857e-01
2.800516835523399473e-01
5.000000000000000104e-03
1.825229575319073372e-02
1.825229575319011269e-02
5.000000000000000104e-03
4.109513774519141793e-01
1.825229575319011269e-02
1.491519896527647993e-01
2.146018366025521373e-01
1.491519896527647993e-01
2.800516835523402248e-01
8.370214270297803016e-02
6.073009183012763046e-01
4.109513774519141793e-01
1.825229575319073372e-02
8.370214270297803016e-02
5.000000000000000104e-03
7.382006122008507587e-01
3.455015305021267857e-01
2.146018366025521373e-01
5.000000000000000104e-03
1.491519896527662425e-01
2.146018366025534696e-01
5.000000000000000104e-03
2.146018366025534696e-01
1.491519896527647993e-01
5.418510713514886890e-01
6.073009183012760825e-01
3.455015305021267857e-01
5.000000000000000104e-03
5.000000000000000104e-03
1.825229575319073372e-02
4.109513774519145124e-01
2.146018366025521373e-01
5.000000000000000104e-03
2.146018366025521373e-01
8.370214270297744730e-02
5.418510713514886890e-01
6.727507652510636982e-01
5.000000000000000104e-03
5.418510713514886890e-01
8.370214270297744730e-02
1.491519896527647993e-01
1.491519896527647993e-01
2.146018366025521373e-01
4.764012244017014064e-01
5.000000000000000104e-03
5.418510713514886890e-01
8.691003061004253238e-01
4.109513774519141793e-01
3.455015305021267857e-01
4.109513774519147900e-01
6.073009183012765266e-01
6.727507652510633651e-01
4.764012244017019615e-01
5.418510713514886890e-01
5.418510713514886890e-01
8.691003061004253238e-01
7.382006122008504256e-01
4.764012244017010733e-01
6.727507652510631431e-01
2.800516835523393366e-01
5.418510713514886890e-01
6.073009183012760825e-01
8.036504591506379303e-01
2.800516835523388370e-01
4.764012244017010733e-01
9.345501530502126064e-01
4.109513774519137908e-01
1.825229575318948819e-02
4.109513774519137908e-01
8.370214270297725301e-02
5.000000000000000104e-03
8.370214270297744730e-02
8.370214270297725301e-02
8.370214270297667014e-02
5.000000000000000104e-03
3.455015305021261196e-01
4.764012244017010733e-01
5.000000000000000104e-03
2.146018366025514712e-01
5.000000000000000104e-03
4.109513774519137908e-01
2.146018366025519708e-01
1.491519896527642441e-01
5.000000000000000104e-03
1.491519896527637168e-01
4.764012244017007403e-01
8.370214270297725301e-02
8.370214270297725301e-02
2.146018366025519708e-01
5.000000000000000104e-03
8.370214270297783588e-02
1.825229575319032085e-02
1.491519896527649658e-01
5.000000000000000104e-03
5.000000000000000104e-03
2.800516835523391701e-01
6.073009183012760825e-01
1.825229575319011269e-02
3.455015305021263972e-01
1.825229575319052902e-02
5.000000000000000104e-03
5.000000000000000104e-03
1.825229575319073372e-02
5.000000000000000104e-03
5.000000000000000104e-03
8.036504591506378192e-01
7.382006122008506477e-01
2.800516835523394477e-01
1.491519896527646050e-01
8.370214270297764159e-02
2.800516835523399473e-01
5.000000000000000104e-03
1.491519896527649658e-01
2.800516835523387260e-01
5.000000000000000104e-03
6.727507652510631431e-01
5.418510713514885779e-01
3.455015305021266747e-01
5.000000000000000104e-03
5.000000000000000104e-03
4.764012244017017395e-01
5.000000000000000104e-03
5.000000000000000104e-03
8.370214270297647585e-02
5.000000000000000104e-03
2.800516835523390036e-01
4.764012244017009623e-01
2.146018366025514712e-01
1.491519896527642441e-01
1.825229575318907185e-02
5.000000000000000104e-03
5.000000000000000104e-03
5.000000000000000104e-03
5.000000000000000104e-03
3.455015305021261196e-01
1.491519896527638833e-01
7.382006122008504256e-01
8.370214270297686443e-02
5.000000000000000104e-03
5.000000000000000104e-03
5.000000000000000104e-03
5.000000000000000104e-03
8.370214270297686443e-02
5.000000000000000104e-03
2.800516835523383929e-01
7.382006122008502036e-01
5.418510713514882449e-01
4.109513774519135132e-01
8.370214270297647585e-02
5.000000000000000104e-03
5.000000000000000104e-03
5.000000000000000104e-03
3.455015305021263972e-01
5.000000000000000104e-03
5.000000000000000104e-03
1.825229575318865552e-02
4.764012244017010733e-01
8.370214270297686443e-02
5.000000000000000104e-03
1.825229575318907185e-02
5.000000000000000104e-03
5.000000000000000104e-03
1.491519896527638833e-01
1.491519896527638833e-01
1.825229575318844735e-02
6.727507652510628100e-01
4.764012244017008513e-01
5.418510713514882449e-01
5.000000000000000104e-03
2.146018366025516377e-01
5.000000000000000104e-03
5.000000000000000104e-03
2.800516835523390036e-01
5.000000000000000104e-03
5.000000000000000104e-03
6.073009183012756385e-01
4.109513774519137908e-01
2.800516835523390036e-01
5.000000000000000104e-03
5.000000000000000104e-03
2.146018366025516377e-01
3.455015305021263972e-01
2.146018366025516377e-01
5.000000000000000104e-03
5.000000000000000104e-03
4.764012244017005182e-01
3.455015305021272298e-01
5.000000000000000104e-03
1.491519896527653266e-01
3.455015305021272298e-01
5.000000000000000104e-03
3.455015305021267857e-01
2.146018366025526369e-01
1.825229575319073372e-02
2.800516835523399473e-01
4.764012244017017395e-01
8.691003061004254349e-01
1.825229575319073372e-02
5.000000000000000104e-03
5.000000000000000104e-03
4.764012244017017395e-01
8.370214270297744730e-02
8.370214270297803016e-02
2.800516835523399473e-01
3.455015305021272298e-01
6.727507652510635872e-01
5.418510713514890220e-01
1.491519896527653266e-01
8.370214270297803016e-02
8.370214270297803016e-02
5.000000000000000104e-03
1.491519896527647993e-01
5.000000000000000104e-03
2.800516835523402248e-01
8.370214270297841874e-02
4.109513774519147900e-01
6.727507652510635872e-01
2.800516835523399473e-01
5.000000000000000104e-03
3.455015305021278960e-01
6.073009183012767487e-01
5.000000000000000104e-03
5.000000000000000104e-03
1.825229575319073372e-02
5.000000000000000104e-03
8.370214270297744730e-02
6.073009183012763046e-01
1.825229575319073372e-02
5.000000000000000104e-03
3.455015305021272298e-01
2.146018366025526369e-01
5.000000000000000104e-03
1.491519896527653266e-01
5.000000000000000104e-03
5.000000000000000104e-03
4.764012244017014064e-01
8.691003061004254349e-01
2.146018366025529700e-01
5.000000000000000104e-03
5.000000000000000104e-03
5.000000000000000104e-03
5.000000000000000104e-03
5.418510713514886890e-01
8.370214270297744730e-02
2.146018366025521373e-01
3.455015305021267857e-01
8.036504591506379303e-01
8.036504591506379303e-01
2.146018366025521373e-01
4.764012244017019615e-01
4.764012244017019615e-01
1.491519896527647993e-01
4.764012244017019615e-01
5.418510713514892441e-01
4.764012244017014064e-01
8.036504591506379303e-01
8.036504591506379303e-01
4.109513774519139018e-01
6.727507652510633651e-01
2.800516835523394477e-01
5.418510713514886890e-01
5.418510713514886890e-01
3.455015305021266747e-01
4.764012244017009623e-01
6.727507652510631431e-01
7.382006122008503146e-01
4.764012244017011843e-01
8.370214270297705872e-02
2.146018366025519708e-01
5.000000000000000104e-03
5.000000000000000104e-03
5.000000000000000104e-03
5.000000000000000104e-03
5.000000000000000104e-03
5.000000000000000104e-03
3.455015305021261196e-01
8.370214270297725301e-02
5.000000000000000104e-03
8.370214270297667014e-02
2.146018366025521373e-01
2.146018366025519708e-01
1.491519896527647993e-01
2.800516835523393366e-01
8.370214270297686443e-02
5.000000000000000104e-03
7.382006122008503146e-01
4.109513774519140128e-01
6.727507652510633651e-01
5.000000000000000104e-03
5.000000000000000104e-03
1.825229575319032085e-02
2.146018366025519708e-01
5.418510713514885779e-01
1.825229575318907185e-02
5.000000000000000104e-03
6.073009183012758605e-01
8.036504591506379303e-01
1.825229575319011269e-02
8.370214270297725301e-02
5.000000000000000104e-03
8.370214270297803016e-02
3.455015305021269523e-01
5.000000000000000104e-03
5.000000000000000104e-03
5.000000000000000104e-03
2.800516835523390036e-01
6.727507652510633651e-01
5.000000000000000104e-03
5.000000000000000104e-03
1.491519896527647993e-01
5.000000000000000104e-03
5.000000000000000104e-03
8.370214270297744730e-02
5.000000000000000104e-03
2.800516835523390036e-01
5.418510713514884669e-01
8.691003061004253238e-01
4.109513774519140128e-01
5.000000000000000104e-03
1.491519896527647993e-01
8.370214270297764159e-02
5.000000000000000104e-03
5.000000000000000104e-03
5.000000000000000104e-03
1.825229575318948819e-02
3.455015305021263972e-01
5.418510713514883559e-01
5.000000000000000104e-03
5.000000000000000104e-03
5.000000000000000104e-03
5.000000000000000104e-03
1.825229575318907185e-02
5.000000000000000104e-03
3.455015305021261196e-01
1.491519896527635225e-01
5.418510713514880228e-01
4.764012244017010733e-01
8.370214270297686443e-02
1.825229575318907185e-02
1.491519896527642441e-01
5.000000000000000104e-03
5.000000000000000104e-03
3.455015305021263972e-01
1.491519896527635225e-01
1.491519896527633560e-01
8.036504591506375972e-01
6.727507652510630320e-01
5.000000000000000104e-03
1.825229575318907185e-02
5.000000000000000104e-03
1.491519896527642441e-01
5.000000000000000104e-03
1.825229575318948819e-02
5.000000000000000104e-03
5.000000000000000104e-03
9.345501530502124954e-01
6.727507652510631431e-01
5.000000000000000104e-03
5.000000000000000104e-03
1.825229575318907185e-02
5.000000000000000104e-03
4.109513774519135132e-01
5.000000000000000104e-03
5.000000000000000104e-03
1.491519896527633560e-01
6.073009183012754164e-01
2.146018366025513047e-01
5.000000000000000104e-03
2.800516835523387260e-01
5.000000000000000104e-03
2.146018366025516377e-01
4.109513774519137908e-01
8.370214270297686443e-02
5.000000000000000104e-03
2.800516835523382264e-01
4.109513774519131801e-01
6.073009183012758605e-01
8.370214270297686443e-02
5.000000000000000104e-03
5.000000000000000104e-03
5.000000000000000104e-03
1.825229575318948819e-02
1.491519896527642441e-01
1.825229575318844735e-02
5.000000000000000104e-03
6.727507652510628100e-01
5.418510713514886890e-01
1.491519896527647993e-01
5.000000000000000104e-03
5.000000000000000104e-03
1.825229575319011269e-02
5.000000000000000104e-03
1.491519896527647993e-01
2.146018366025526369e-01
8.370214270297744730e-02
5.418510713514886890e-01
4.764012244017014064e-01
1.491519896527647993e-01
5.000000000000000104e-03
5.000000000000000104e-03
5.000000000000000104e-03
1.491519896527647993e-01
2.146018366025521373e-01
1.825229575319073372e-02
1.825229575319011269e-02
4.109513774519141793e-01
3.455015305021267857e-01
5.000000000000000104e-03
8.370214270297841874e-02
5.000000000000000104e-03
5.000000000000000104e-03
2.146018366025521373e-01
1.491519896527647993e-01
1.491519896527656874e-01
3.455015305021272298e-01
4.764012244017017395e-01
4.109513774519141793e-01
6.073009183012760825e-01
5.000000000000000104e-03
8.370214270297841874e-02
5.000000000000000104e-03
1.491519896527656874e-01
5.000000000000000104e-03
8.370214270297744730e-02
5.000000000000000104e-03
6.727507652510633651e-01
6.073009183012760825e-01
8.370214270297744730e-02
8.370214270297803016e-02
2.146018366025521373e-01
5.000000000000000104e-03
3.455015305021267857e-01
5.000000000000000104e-03
4.109513774519141793e-01
2.146018366025521373e-01
4.764012244017014064e-01
6.727507652510636982e-01
5.000000000000000104e-03
5.000000000000000104e-03
5.000000000000000104e-03
5.000000000000000104e-03
1.825229575319011269e-02
1.491519896527647993e-01
3.455015305021267857e-01
5.000000000000000104e-03
4.109513774519141793e-01
8.036504591506379303e-01
5.418510713514886890e-01
4.764012244017019615e-01
6.073009183012760825e-01
8.036504591506379303e-01
3.455015305021267857e-01
7.382006122008506477e-01
4.764012244017014064e-01
6.727507652510633651e-01
8.691003061004253238e-01
7.382006122008504256e-01
2.800516835523390036e-01
6.073009183012758605e-01
6.727507652510633651e-01
5.418510713514885779e-01
2.146018366025519708e-01
6.727507652510631431e-01
5.418510713514883559e-01
4.764012244017010733e-01
9.345501530502126064e-01
4.109513774519137908e-01
5.000000000000000104e-03
3.455015305021265082e-01
3.455015305021266747e-01
5.000000000000000104e-03
2.146018366025519708e-01
2.146018366025516377e-01
1.825229575318928002e-02
5.000000000000000104e-03
8.036504591506378192e-01
3.455015305021265082e-01
5.000000000000000104e-03
5.000000000000000104e-03
1.825229575318990452e-02
5.000000000000000104e-03
5.000000000000000104e-03
4.109513774519137908e-01
4.109513774519137908e-01
5.000000000000000104e-03
6.073009183012755274e-01
4.764012244017011843e-01
2.146018366025518043e-01
3.455015305021266747e-01
5.000000000000000104e-03
2.800516835523396142e-01
1.491519896527646050e-01
4.109513774519140128e-01
1.825229575318907185e-02
8.370214270297705872e-02
7.382006122008505367e-01
7.382006122008505367e-01
1.825229575318990452e-02
5.000000000000000104e-03
5.000000000000000104e-03
1.825229575319073372e-02
8.370214270297764159e-02
1.491519896527649658e-01
4.764012244017008513e-01
8.370214270297686443e-02
6.073009183012758605e-01
4.109513774519140128e-01
8.370214270297725301e-02
4.109513774519140128e-01
4.109513774519141793e-01
5.000000000000000104e-03
6.073009183012760825e-01
1.491519896527647993e-01
5.000000000000000104e-03
5.000000000000000104e-03
6.727507652510631431e-01
6.073009183012758605e-01
4.109513774519137908e-01
1.491519896527642441e-01
5.000000000000000104e-03
8.370214270297764159e-02
5.000000000000000104e-03
1.491519896527647993e-01
1.825229575318907185e-02
2.800516835523390036e-01
7.382006122008504256e-01
6.727507652510631431e-01
4.109513774519136797e-01
5.000000000000000104e-03
5.000000000000000104e-03
5.000000000000000104e-03
5.000000000000000104e-03
5.000000000000000104e-03
4.764012244017008513e-01
2.146018366025509716e-01
5.418510713514880228e-01
6.727507652510631431e-01
4.764012244017010733e-01
3.455015305021258420e-01
4.109513774519140128e-01
5.000000000000000104e-03
5.000000000000000104e-03
5.000000000000000104e-03
1.825229575318865552e-02
1.825229575318844735e-02
5.418510713514879118e-01
6.073009183012756385e-01
5.000000000000000104e-03
5.000000000000000104e-03
8.370214270297725301e-02
8.370214270297686443e-02
5.000000000000000104e-03
2.800516835523390036e-01
5.000000000000000104e-03
4.764012244017005182e-01
5.418510713514879118e-01
4.109513774519137908e-01
2.146018366025516377e-01
4.764012244017008513e-01
1.825229575318907185e-02
8.370214270297647585e-02
5.000000000000000104e-03
5.000000000000000104e-03
8.370214270297589298e-02
1.825229575318844735e-02
6.073009183012754164e-01
6.727507652510630320e-01
8.370214270297647585e-02
1.825229575318844735e-02
1.825229575319011269e-02
5.000000000000000104e-03
8.370214270297686443e-02
1.491519896527642441e-01
2.146018366025513047e-01
5.000000000000000104e-03
4.109513774519131801e-01
4.764012244017010733e-01
2.800516835523390036e-01
5.000000000000000104e-03
3.455015305021267857e-01
4.764012244017010733e-01
5.000000000000000104e-03
1.825229575318948819e-02
5.000000000000000104e-03
1.825229575318844735e-02
6.727507652510628100e-01
5.418510713514890220e-01
2.146018366025526369e-01
2.146018366025526369e-01
2.800516835523399473e-01
5.000000000000000104e-03
2.146018366025521373e-01
5.000000000000000104e-03
1.825229575319073372e-02
5.000000000000000104e-03
8.036504591506379303e-01
6.073009183012763046e-01
8.370214270297803016e-02
1.825229575319011269e-02
5.000000000000000104e-03
5.000000000000000104e-03
5.000000000000000104e-03
5.000000000000000104e-03
1.825229575319073372e-02
5.000000000000000104e-03
6.073009183012760825e-01
5.418510713514890220e-01
5.000000000000000104e-03
5.000000000000000104e-03
8.370214270297803016e-02
1.825229575319073372e-02
1.491519896527647993e-01
2.800516835523399473e-01
5.000000000000000104e-03
8.370214270297803016e-02
4.764012244017017395e-01
4.764012244017017395e-01
2.146018366025526369e-01
1.825229575319011269e-02
5.000000000000000104e-03
2.146018366025534696e-01
3.455015305021275074e-01
2.800516835523406689e-01
2.146018366025521373e-01
5.000000000000000104e-03
2.800516835523394477e-01
4.109513774519145124e-01
5.000000000000000104e-03
1.491519896527647993e-01
5.418510713514890220e-01
5.000000000000000104e-03
1.491519896527647993e-01
3.455015305021272298e-01
5.000000000000000104e-03
1.825229575319011269e-02
2.800516835523394477e-01
4.109513774519147900e-01
8.370214270297841874e-02
1.491519896527647993e-01
5.000000000000000104e-03
5.000000000000000104e-03
5.000000000000000104e-03
2.800516835523394477e-01
1.825229575319011269e-02
1.491519896527647993e-01
4.764012244017014064e-01
7.382006122008506477e-01
4.764012244017014064e-01
4.764012244017014064e-01
4.109513774519147900e-01
5.418510713514892441e-01
4.764012244017014064e-01
3.455015305021275074e-01
4.764012244017014064e-01
6.727507652510633651e-01
8.036504591506379303e-01
7.382006122008504256e-01
5.418510713514884669e-01
6.073009183012756385e-01
4.109513774519136797e-01
4.109513774519136797e-01
2.146018366025514712e-01
4.109513774519136797e-01
4.764012244017005182e-01
5.418510713514879118e-01
7.382006122008502036e-01
4.764012244017010733e-01
5.000000000000000104e-03
2.146018366025513047e-01
2.800516835523388370e-01
8.370214270297667014e-02
5.000000000000000104e-03
1.825229575318928002e-02
8.370214270297589298e-02
2.146018366025508051e-01
2.800516835523382264e-01
6.073009183012756385e-01
2.146018366025513047e-01
5.000000000000000104e-03
1.825229575318907185e-02
2.800516835523390036e-01
5.000000000000000104e-03
4.109513774519137908e-01
5.000000000000000104e-03
2.800516835523381154e-01
5.418510713514878008e-01
4.764012244017009623e-01
5.000000000000000104e-03
5.000000000000000104e-03
1.825229575318948819e-02
5.000000000000000104e-03
2.800516835523387260e-01
1.825229575318907185e-02
5.000000000000000104e-03
5.000000000000000104e-03
5.418510713514880228e-01
5.418510713514883559e-01
5.000000000000000104e-03
5.000000000000000104e-03
8.370214270297667014e-02
5.418510713514882449e-01
5.000000000000000104e-03
5.418510713514882449e-01
5.000000000000000104e-03
5.000000000000000104e-03
5.418510713514882449e-01
6.727507652510631431e-01
4.764012244017009623e-01
5.000000000000000104e-03
5.000000000000000104e-03
2.800516835523387260e-01
5.000000000000000104e-03
1.825229575318907185e-02
1.825229575318907185e-02
8.370214270297608727e-02
3.455015305021258420e-01
7.382006122008504256e-01
1.491519896527640776e-01
4.109513774519136797e-01
2.146018366025514712e-01
2.146018366025513047e-01
4.764012244017008513e-01
1.825229575318907185e-02
1.825229575318907185e-02
1.825229575318865552e-02
6.073009183012755274e-01
5.418510713514879118e-01
8.370214270297589298e-02
5.000000000000000104e-03
5.000000000000000104e-03
2.146018366025514712e-01
5.000000000000000104e-03
5.000000000000000104e-03
4.109513774519126805e-01
5.000000000000000104e-03
4.764012244017001851e-01
4.109513774519131801e-01
5.000000000000000104e-03
1.825229575318823919e-02
8.370214270297608727e-02
5.000000000000000104e-03
1.825229575318865552e-02
5.000000000000000104e-03
2.146018366025503055e-01
2.146018366025506385e-01
3.455015305021255645e-01
6.073009183012754164e-01
5.000000000000000104e-03
1.825229575318823919e-02
5.000000000000000104e-03
8.370214270297647585e-02
5.000000000000000104e-03
8.370214270297608727e-02
2.800516835523377823e-01
2.800516835523381154e-01
4.109513774519130136e-01
4.109513774519131801e-01
4.764012244017005182e-01
1.825229575318844735e-02
5.000000000000000104e-03
5.000000000000000104e-03
5.000000000000000104e-03
1.491519896527633560e-01
5.000000000000000104e-03
8.370214270297589298e-02
6.073009183012754164e-01
3.455015305021256755e-01
8.370214270297589298e-02
2.146018366025503055e-01
5.000000000000000104e-03
2.800516835523387260e-01
5.000000000000000104e-03
1.825229575318907185e-02
1.491519896527624400e-01
2.146018366025499724e-01
3.455015305021250094e-01
4.764012244017005182e-01
5.000000000000000104e-03
2.800516835523382264e-01
8.370214270297589298e-02
5.000000000000000104e-03
1.491519896527633560e-01
8.370214270297589298e-02
5.000000000000000104e-03
5.000000000000000104e-03
4.109513774519127915e-01
2.800516835523394477e-01
5.000000000000000104e-03
5.000000000000000104e-03
8.370214270297744730e-02
5.000000000000000104e-03
8.370214270297803016e-02
2.146018366025526369e-01
5.000000000000000104e-03
5.000000000000000104e-03
5.418510713514884669e-01
4.764012244017014064e-01
2.800516835523394477e-01
5.000000000000000104e-03
5.000000000000000104e-03
5.000000000000000104e-03
5.000000000000000104e-03
5.000000000000000104e-03
2.146018366025508051e-01
5.000000000000000104e-03
4.109513774519135132e-01
2.800516835523394477e-01
5.000000000000000104e-03
8.370214270297686443e-02
1.825229575319073372e-02
2.146018366025529700e-01
1.491519896527656874e-01
1.491519896527656874e-01
1.825229575318844735e-02
5.000000000000000104e-03
6.073009183012756385e-01
4.109513774519141793e-01
8.370214270297744730e-02
1.491519896527647993e-01
1.491519896527647993e-01
1.491519896527653266e-01
2.800516835523394477e-01
8.370214270297744730e-02
3.455015305021261196e-01
5.000000000000000104e-03
6.073009183012758605e-01
6.727507652510633651e-01
5.000000000000000104e-03
1.491519896527647993e-01
1.491519896527647993e-01
5.000000000000000104e-03
4.764012244017014064e-01
5.000000000000000104e-03
4.109513774519135132e-01
2.800516835523390036e-01
8.036504591506378192e-01
4.764012244017014064e-01
1.491519896527647993e-01
5.000000000000000104e-03
1.491519896527647993e-01
1.491519896527647993e-01
5.000000000000000104e-03
1.491519896527647993e-01
5.000000000000000104e-03
5.000000000000000104e-03
2.800516835523394477e-01
9.345501530502126064e-01
4.109513774519141793e-01
6.727507652510633651e-01
6.073009183012760825e-01
3.455015305021275074e-01
4.764012244017014064e-01
4.109513774519141793e-01
2.146018366025513047e-01
5.418510713514882449e-01
7.382006122008503146e-01
7.382006122008503146e-01
5.418510713514882449e-01
6.073009183012755274e-01
6.073009183012758605e-01
3.455015305021263972e-01
4.764012244017010733e-01
5.418510713514884669e-01
3.455015305021256755e-01
5.418510713514879118e-01
6.727507652510628100e-01
4.764012244017008513e-01
8.370214270297647585e-02
5.000000000000000104e-03
1.491519896527642441e-01
5.000000000000000104e-03
5.418510713514884669e-01
5.000000000000000104e-03
1.491519896527633560e-01
5.000000000000000104e-03
5.418510713514879118e-01
6.073009183012755274e-01
3.455015305021258420e-01
5.000000000000000104e-03
5.000000000000000104e-03
5.000000000000000104e-03
1.491519896527637168e-01
3.455015305021259531e-01
5.000000000000000104e-03
5.000000000000000104e-03
7.382006122008502036e-01
6.727507652510631431e-01
5.000000000000000104e-03
1.825229575318865552e-02
6.073009183012759715e-01
2.146018366025518043e-01
5.000000000000000104e-03
5.000000000000000104e-03
2.146018366025509716e-01
2.146018366025508051e-01
3.455015305021256755e-01
5.418510713514884669e-01
1.491519896527642441e-01
1.825229575318865552e-02
1.491519896527646050e-01
5.000000000000000104e-03
5.000000000000000104e-03
5.000000000000000104e-03
1.491519896527638833e-01
8.370214270297608727e-02
2.146018366025509716e-01
3.455015305021263972e-01
1.825229575318948819e-02
8.370214270297608727e-02
5.000000000000000104e-03
1.491519896527642441e-01
1.825229575318948819e-02
2.146018366025516377e-01
2.146018366025509716e-01
5.000000000000000104e-03
2.800516835523382264e-01
4.109513774519137908e-01
5.000000000000000104e-03
5.000000000000000104e-03
5.000000000000000104e-03
1.825229575318948819e-02
5.000000000000000104e-03
2.146018366025516377e-01
8.370214270297608727e-02
5.000000000000000104e-03
1.491519896527633560e-01
4.109513774519131801e-01
2.800516835523382264e-01
2.146018366025506385e-01
3.455015305021258420e-01
2.146018366025513047e-01
5.000000000000000104e-03
5.000000000000000104e-03
5.000000000000000104e-03
4.109513774519130136e-01
2.800516835523381154e-01
8.036504591506375972e-01
5.000000000000000104e-03
5.000000000000000104e-03
5.000000000000000104e-03
5.000000000000000104e-03
5.000000000000000104e-03
1.825229575318844735e-02
5.000000000000000104e-03
8.370214270297589298e-02
3.455015305021256755e-01
3.455015305021256755e-01
2.146018366025508051e-01
1.491519896527633560e-01
5.000000000000000104e-03
5.000000000000000104e-03
2.146018366025508051e-01
5.000000000000000104e-03
5.000000000000000104e-03
4.109513774519131801e-01
5.418510713514879118e-01
2.146018366025508051e-01
5.000000000000000104e-03
5.418510713514879118e-01
5.000000000000000104e-03
5.000000000000000104e-03
1.491519896527633560e-01
2.146018366025508051e-01
1.491519896527633560e-01
2.800516835523382264e-01
2.800516835523382264e-01
4.109513774519131801e-01
5.000000000000000104e-03
5.000000000000000104e-03
5.000000000000000104e-03
5.000000000000000104e-03
3.455015305021256755e-01
5.000000000000000104e-03
5.000000000000000104e-03
5.418510713514876898e-01
6.727507652510626990e-01
3.455015305021256755e-01
1.825229575318844735e-02
8.370214270297589298e-02
5.000000000000000104e-03
1.825229575318844735e-02
5.000000000000000104e-03
1.491519896527633560e-01
1.491519896527628009e-01
1.491519896527633560e-01
3.455015305021256755e-01
3.455015305021267857e-01
5.000000000000000104e-03
1.491519896527647993e-01
1.491519896527647993e-01
5.000000000000000104e-03
5.000000000000000104e-03
5.000000000000000104e-03
8.370214270297686443e-02
1.825229575319011269e-02
2.800516835523394477e-01
6.073009183012760825e-01
8.370214270297744730e-02
5.000000000000000104e-03
2.146018366025521373e-01
5.000000000000000104e-03
1.491519896527647993e-01
5.000000000000000104e-03
1.491519896527638833e-01
8.370214270297686443e-02
1.491519896527642441e-01
2.146018366025521373e-01
5.000000000000000104e-03
5.000000000000000104e-03
1.491519896527653266e-01
5.000000000000000104e-03
5.000000000000000104e-03
5.000000000000000104e-03
1.825229575318907185e-02
3.455015305021263972e-01
6.727507652510631431e-01
4.109513774519141793e-01
2.800516835523394477e-01
5.000000000000000104e-03
1.491519896527647993e-01
5.000000000000000104e-03
5.000000000000000104e-03
1.825229575319011269e-02
2.146018366025516377e-01
5.000000000000000104e-03
4.764012244017014064e-01
5.418510713514886890e-01
5.000000000000000104e-03
8.370214270297744730e-02
5.000000000000000104e-03
5.000000000000000104e-03
8.370214270297744730e-02
5.000000000000000104e-03
5.000000000000000104e-03
2.146018366025521373e-01
8.691003061004253238e-01
3.455015305021267857e-01
2.800516835523394477e-01
5.000000000000000104e-03
7.382006122008506477e-01
1.825229575319011269e-02
5.000000000000000104e-03
5.000000000000000104e-03
5.000000000000000104e-03
5.000000000000000104e-03
6.073009183012760825e-01
9.345501530502126064e-01
4.764012244017014064e-01
7.382006122008506477e-01
2.800516835523394477e-01
8.036504591506379303e-01
6.073009183012760825e-01
8.036504591506379303e-01
4.109513774519135132e-01
4.764012244017014064e-01
8.691003061004253238e-01
8.036504591506377082e-01
5.418510713514880228e-01
7.382006122008503146e-01
8.036504591506378192e-01
4.109513774519136797e-01
8.036504591506378192e-01
8.691003061004252128e-01
6.727507652510628100e-01
8.036504591506375972e-01
1.000000000000000000e+00
6.727507652510629210e-01
6.727507652510629210e-01
1.491519896527638833e-01
5.418510713514883559e-01
7.382006122008504256e-01
8.036504591506378192e-01
6.727507652510631431e-01
3.455015305021256755e-01
5.418510713514879118e-01
6.727507652510628100e-01
6.727507652510630320e-01
6.727507652510630320e-01
4.764012244017006292e-01
4.109513774519132912e-01
6.073009183012755274e-01
3.455015305021258420e-01
4.109513774519132912e-01
4.764012244017005182e-01
4.764012244017005182e-01
6.073009183012754164e-01
6.727507652510631431e-01
6.727507652510631431e-01
4.109513774519132912e-01
4.109513774519140128e-01
7.382006122008504256e-01
3.455015305021263972e-01
9.345501530502126064e-01
3.455015305021256755e-01
8.036504591506375972e-01
8.691003061004251018e-01
6.727507652510631431e-01
2.800516835523388370e-01
4.764012244017006292e-01
5.418510713514885779e-01
4.764012244017009623e-01
7.382006122008504256e-01
3.455015305021262306e-01
5.418510713514880228e-01
4.764012244017006292e-01
6.727507652510629210e-01
7.382006122008504256e-01
4.764012244017009623e-01
2.800516835523383929e-01
5.418510713514885779e-01
7.382006122008504256e-01
4.109513774519136797e-01
5.418510713514883559e-01
2.800516835523382264e-01
5.418510713514879118e-01
9.345501530502124954e-01
6.727507652510631431e-01
6.073009183012757495e-01
4.764012244017006292e-01
4.109513774519140128e-01
5.418510713514883559e-01
5.418510713514883559e-01
2.146018366025514712e-01
4.764012244017005182e-01
4.764012244017005182e-01
7.382006122008502036e-01
6.073009183012754164e-01
5.418510713514879118e-01
6.727507652510628100e-01
3.455015305021258420e-01
4.109513774519132912e-01
6.727507652510629210e-01
4.109513774519132912e-01
1.491519896527631617e-01
3.455015305021255645e-01
7.382006122008500926e-01
8.036504591506375972e-01
8.036504591506375972e-01
3.455015305021256755e-01
6.073009183012754164e-01
4.109513774519131801e-01
4.764012244017005182e-01
6.073009183012754164e-01
1.491519896527633560e-01
8.691003061004251018e-01
6.727507652510628100e-01
6.073009183012754164e-01
8.370214270297589298e-02
4.109513774519131801e-01
5.418510713514879118e-01
6.073009183012754164e-01
6.727507652510628100e-01
5.418510713514879118e-01
5.418510713514879118e-01
3.455015305021256755e-01
9.345501530502124954e-01
7.382006122008502036e-01
5.418510713514879118e-01
8.036504591506375972e-01
4.109513774519131801e-01
6.073009183012754164e-01
5.418510713514879118e-01
6.073009183012754164e-01
3.455015305021256755e-01
5.418510713514879118e-01
9.345501530502124954e-01
7.382006122008502036e-01
3.455015305021256755e-01
3.455015305021256755e-01
4.109513774519131801e-01
6.073009183012754164e-01
2.800516835523382264e-01
4.109513774519131801e-01
5.418510713514876898e-01
4.764012244017001851e-01
6.073009183012751944e-01
8.036504591506375972e-01
6.727507652510628100e-01
4.109513774519131801e-01
5.418510713514879118e-01
4.764012244017005182e-01
8.691003061004251018e-01
7.382006122008502036e-01
5.418510713514879118e-01
3.455015305021256755e-01
9.345501530502124954e-01
8.691003061004253238e-01
8.691003061004253238e-01
4.764012244017010733e-01
6.073009183012760825e-01
4.764012244017017395e-01
2.146018366025521373e-01
1.491519896527647993e-01
4.109513774519137908e-01
3.455015305021267857e-01
9.345501530502126064e-01
8.691003061004253238e-01
6.073009183012760825e-01
3.455015305021263972e-01
5.418510713514886890e-01
8.370214270297803016e-02
6.727507652510633651e-01
8.036504591506379303e-01
6.073009183012756385e-01
6.727507652510631431e-01
5.418510713514884669e-01
7.382006122008506477e-01
4.109513774519141793e-01
4.764012244017008513e-01
2.146018366025526369e-01
7.382006122008508697e-01
4.109513774519145124e-01
4.109513774519145124e-01
2.800516835523387260e-01
7.382006122008504256e-01
9.345501530502126064e-01
7.382006122008506477e-01
6.727507652510633651e-01
5.418510713514884669e-01
4.764012244017014064e-01
1.491519896527653266e-01
3.455015305021267857e-01
6.073009183012760825e-01
7.382006122008504256e-01
6.073009183012760825e-01
9.345501530502126064e-01
5.418510713514886890e-01
6.727507652510633651e-01
2.146018366025516377e-01
4.764012244017014064e-01
6.073009183012763046e-01
4.764012244017014064e-01
6.727507652510633651e-01
6.073009183012758605e-01
6.073009183012760825e-01
8.691003061004253238e-01
1.000000000000000000e+00
6.073009183012760825e-01
6.073009183012760825e-01
4.764012244017014064e-01
5.418510713514886890e-01
5.418510713514886890e-01
6.727507652510633651e-01
5.418510713514886890e-01
7.382006122008506477e-01
7.382006122008506477e-01
9.345501530502126064e-01
7.382006122008506477e-01
7.382006122008503146e-01
8.036504591506379303e-01
8.036504591506381523e-01
7.382006122008506477e-01
7.382006122008506477e-01
8.036504591506378192e-01
9.345501530502126064e-01
1.000000000000000000e+00
