8.877496462016094547e-01
6.884773994733025537e-01
8.600605005965289429e-01
6.510003756421606225e-01
6.484972217093691871e-01
7.468356446335666643e-01
7.298193001352539788e-01
6.967218209886375524e-01
8.890190206681676255e-01
9.175103341922327127e-01
7.997685210321362481e-01
2.642209517561335819e-01
5.699242296904183380e-01
5.011182938666323139e-01
4.407703428657839262e-01
4.959303895186327749e-01
5.180010378503716595e-01
6.514423921967759101e-01
3.755901159152548185e-01
8.154375899539213490e-01
7.767747431350420229e-01
3.664107375822120982e-01
7.002943593645202247e-01
5.177422437624422669e-01
2.915309864945446749e-01
6.226070319845288248e-01
3.723164764537917337e-01
5.737082093385923454e-01
7.610562857996076014e-01
7.263497920422462562e-01
7.869210905887848995e-01
4.754769130332160421e-01
5.507729705738917403e-01
3.874386776782079989e-01
4.772814854427627207e-01
5.451495349378645550e-01
4.253635949379302450e-01
7.087517101444206213e-01
8.060031737377055805e-01
8.425261913582884343e-01
5.801451493126011938e-01
5.191096452654763160e-01
3.430508823282284459e-01
4.983247120580662770e-01
4.097573942015140802e-01
4.604819543733069120e-01
3.861241512647037299e-01
6.553796949878731848e-01
6.152116293533268498e-01
6.222243843725016044e-01
7.727452452926423243e-01
5.204549794852805222e-01
6.145786368401933153e-01
3.946809538665676520e-01
5.669405330784533792e-01
5.850594061280313118e-01
6.168864854782536433e-01
4.581201550562661318e-01
5.416885950097489744e-01
6.356105149154817058e-01
7.799061402895011152e-01
5.778823479485031278e-01
3.967171794349588776e-01
7.443354226669988138e-01
7.427454829965863814e-01
3.863136723783330839e-01
5.606870071199326899e-01
4.719239276048925458e-01
5.182300813389820737e-01
7.178248696990690014e-01
7.744520124592999544e-01
5.922423233506302065e-01
5.326862865282914195e-01
5.515356946878934297e-01
4.295975641570692893e-01
6.395579647813063318e-01
5.821603770495963337e-01
4.798903567077799082e-01
5.555307035170018448e-01
8.194743053945269251e-01
8.010558463627138748e-01
3.634766440555315392e-01
5.284601555080735702e-01
4.869299036262582647e-01
5.658149881730936137e-01
6.725779664659681245e-01
7.438726831146698082e-01
2.806697971287376303e-01
6.320525199227366997e-01
6.456117303421706755e-01
6.692337578552840505e-01
6.573610280213846302e-01
3.417464349019384007e-01
5.313706512439518859e-01
5.594466447923055474e-01
6.853104406327481524e-01
7.234760887536310081e-01
4.485892758986371187e-01
5.628387688975328151e-01
6.801812715918503782e-01
7.550557931424010105e-01
7.115428806075548840e-01
5.092578865283696743e-01
4.587793824555581601e-01
4.890536318657215387e-01
5.803567643312135260e-01
5.456239405742102644e-01
3.896560584887931999e-01
3.891374107720712572e-01
6.519899973347691446e-01
6.556157533284229233e-01
3.594352323819741124e-01
5.950217180850542187e-01
4.831119898157394954e-01
3.453698309411367129e-01
4.051330589822486061e-01
4.924168720790352283e-01
4.805819762954514074e-01
4.754096191543079053e-01
8.390779889028356919e-01
8.519926975727566409e-01
5.557470899889966898e-01
5.154311009476627570e-01
6.700701622811849889e-01
6.294552247236334663e-01
7.756075246299225512e-01
5.504875060637541839e-01
7.350695568271258251e-01
6.419141011763421778e-01
8.311958313876529614e-01
8.146095954659344773e-01
7.275809230160281693e-01
4.737436721302218934e-01
7.295839901459769683e-01
6.267964096007009323e-01
4.539413166324577920e-01
4.062100187096100989e-01
4.426938060332862301e-01
3.333561335505770273e-01
7.596438917770934607e-01
8.573246901672465503e-01
4.323367025937443486e-01
4.148330009200965063e-01
4.672942765033496482e-01
5.510841720441509439e-01
5.401783703166103123e-01
5.464200730694239727e-01
4.956361473410172969e-01
5.273793261442909497e-01
9.277699205596424692e-01
8.832022719476572137e-01
6.087217445386311487e-01
5.665555712981568126e-01
6.425170130011494951e-01
6.616220820734134422e-01
5.043116188739172889e-01
5.062987486426578920e-01
4.223417188120618948e-01
6.428361952392736001e-01
8.129496697293089325e-01
7.559509878666674787e-01
4.936337570785897522e-01
7.141827785558332309e-01
5.694987038265425516e-01
4.154471390420691468e-01
4.820476759670941358e-01
5.962656102731079821e-01
5.310593077077286894e-01
4.232547531320560164e-01
6.656307103408736214e-01
6.459314744237567574e-01
4.302567456115064526e-01
2.942538913796057809e-01
4.864850478116579113e-01
5.808344001285120628e-01
3.897850870955307800e-01
6.061827348174102514e-01
6.842253049525184316e-01
3.663811970865540335e-01
8.334099593323872623e-01
7.854191860662037561e-01
5.135166313904622193e-01
6.088544779737202761e-01
5.207733263639323651e-01
6.170514655725339859e-01
6.950380958386569441e-01
7.005555234557935274e-01
4.624009969245277407e-01
3.289582525869539364e-01
7.599828622302967629e-01
9.588098693711929466e-01
9.163691666279769610e-01
7.463050003199070970e-01
7.152465011970863262e-01
7.005796355586819679e-01
6.256475538957523286e-01
8.740939396958148366e-01
7.516857808938284258e-01
7.856166897892308265e-01
7.843591408424217537e-01
7.825098237714345206e-01
5.476382282740557272e-01
6.068812236443040797e-01
5.654304469130012611e-01
4.410698042648146244e-01
3.534234561655698603e-01
5.908021418970405003e-01
4.686091913158393907e-01
3.483727528577253985e-01
7.882248158480498201e-01
6.291317294879265054e-01
5.000000000000000104e-03
2.969978156142918380e-01
5.000000000000000104e-03
5.000000000000000104e-03
5.000000000000000104e-03
5.000000000000000104e-03
3.878518538824161643e-01
5.000000000000000104e-03
5.461828886382156245e-01
5.165863385118845130e-01
5.000000000000000104e-03
3.565532474370836091e-01
4.017673157611002521e-01
1.032316889101022733e-01
1.846710033874102985e-01
3.222556392663160629e-01
3.536724543373230278e-01
5.000000000000000104e-03
6.688883614972614966e-01
5.440877570880334746e-01
2.997837371930256456e-01
5.000000000000000104e-03
1.766513027570210392e-01
1.877041255069349102e-01
3.057660063679173632e-02
5.000000000000000104e-03
5.000000000000000104e-03
6.473042075320988020e-02
5.528816230338975402e-01
2.832536479821407549e-01
1.241707311051487017e-01
5.000000000000000104e-03
2.135693366661400860e-01
5.000000000000000104e-03
2.397623753439771799e-02
4.830120638615485046e-02
3.865580445765695039e-01
3.024017369334313851e-02
4.797022990137167486e-01
5.513298328820883665e-01
6.346182684475770719e-02
5.000000000000000104e-03
4.830533535604688566e-01
3.090120651861977263e-01
4.721581655515682541e-01
5.671806485136010947e-03
4.364271878719324649e-01
6.123899456240620293e-02
3.803148687714020260e-01
7.518253530565698339e-01
3.650417540016209772e-01
5.000000000000000104e-03
2.441529852881701990e-01
3.416769310817395211e-01
7.038881069084815256e-02
1.286894051499022085e-01
1.812716566744760338e-01
8.290056205010201684e-02
4.837450146009477092e-01
5.069510448343530484e-01
5.401275727475751687e-02
2.479467761639247633e-02
5.000000000000000104e-03
5.000000000000000104e-03
1.456913155980858465e-01
1.026341180784970733e-02
5.000000000000000104e-03
1.814694856526163635e-01
6.163940353272109318e-01
5.953086672553515868e-01
2.107911518339771473e-01
5.000000000000000104e-03
1.658683213717452309e-01
6.692008243136460775e-03
3.762348465084227600e-01
9.853113253854710318e-02
5.000000000000000104e-03
9.623820550812407781e-02
4.015761141577895987e-01
5.785648913768006718e-01
2.464575081023832326e-01
5.000000000000000104e-03
2.726340832678124659e-01
1.907035616100623554e-01
3.573009973302041509e-01
1.125329593331209632e-01
7.721026925505722338e-02
5.000000000000000104e-03
5.687734674955297054e-01
6.367889892560131271e-01
2.326451972049877470e-01
1.866484873861941340e-02
5.000000000000000104e-03
1.997056407172961845e-01
6.686269748707257543e-02
4.538964865364003565e-02
5.000000000000000104e-03
5.000000000000000104e-03
7.080156295658964760e-01
4.722137561398673244e-01
5.000000000000000104e-03
3.953999112156737078e-02
5.000000000000000104e-03
5.000000000000000104e-03
5.000000000000000104e-03
1.887541068552671120e-01
5.950026383614347852e-02
5.000000000000000104e-03
4.123882484178419960e-01
7.710333757695566614e-01
5.000000000000000104e-03
5.000000000000000104e-03
2.289855213001424639e-01
1.043443183843414529e-01
1.622987277744181445e-01
8.198187354761116152e-02
5.000000000000000104e-03
2.111870683324579973e-02
4.486368883175950728e-01
6.987228392959246026e-01
8.871276098585964900e-03
2.527217520877716450e-01
2.337504293905494357e-01
2.141692474569167545e-02
4.553953019003696007e-02
5.000000000000000104e-03
5.000000000000000104e-03
6.423524932434350465e-02
4.132332585701749550e-01
7.099870619716422970e-01
2.395895620858890518e-01
1.782818850778860320e-01
5.000000000000000104e-03
2.309620615803440469e-01
5.000000000000000104e-03
5.000000000000000104e-03
5.000000000000000104e-03
5.452564297041609387e-02
4.005153738186107981e-01
5.688797726336409788e-01
3.700940541084957736e-01
1.520256535811545795e-01
4.676651979775920398e-01
5.000000000000000104e-03
1.327603608026963200e-01
5.000000000000000104e-03
5.393189186534215473e-02
3.606851514864762298e-01
3.167427389577500141e-01
4.364402301384285310e-01
5.000000000000000104e-03
2.972361373014142938e-01
3.625703257756474063e-01
5.000000000000000104e-03
5.000000000000000104e-03
5.000000000000000104e-03
5.000000000000000104e-03
6.095679445462583862e-02
6.020555508799542155e-01
4.061716723460225276e-01
5.000000000000000104e-03
5.000000000000000104e-03
5.000000000000000104e-03
5.000000000000000104e-03
5.448257901644847773e-02
3.679972524451535776e-01
5.000000000000000104e-03
5.000000000000000104e-03
6.553777008831265238e-01
5.234345173219274727e-01
4.074582571852636281e-02
5.000000000000000104e-03
9.947544170403066488e-02
2.798521621017546201e-01
1.229793464000808467e-01
2.551680919460728725e-01
5.000000000000000104e-03
5.000000000000000104e-03
6.589494840904983608e-01
6.878097666969251733e-01
6.743914183870520773e-01
7.736551936551662179e-01
6.890210262198350755e-01
5.506805877647321656e-01
4.843421422108946661e-01
3.311868008104754124e-01
3.833148533154911441e-01
3.713958690629289294e-01
8.638460723652070516e-01
7.547392750896054769e-01
6.884423109533539531e-01
4.601531403272828835e-01
7.296766840359054651e-01
4.912600236383983798e-01
5.310044643966652655e-01
5.214625112354126513e-01
6.236837297809508796e-01
6.243480689329219402e-01
6.998455419445509529e-01
6.007759966232346649e-01
2.349761906891045526e-01
2.621147557966094221e-02
5.559881967048427298e-02
1.577553219479082558e-01
1.324449853639916297e-01
2.620270966104832344e-01
3.591453127652274313e-01
5.000000000000000104e-03
6.532633630834542293e-01
6.029193566923970460e-01
5.000000000000000104e-03
2.460431587786269525e-01
2.565637978061919844e-01
1.308278803144668490e-01
5.000000000000000104e-03
2.902867962517094447e-01
1.679063249239443334e-01
5.000000000000000104e-03
4.241217318775327150e-01
6.468353547303420381e-01
2.446566060283579813e-01
1.750771968981430088e-02
5.000000000000000104e-03
5.000000000000000104e-03
5.000000000000000104e-03
4.291990794578696283e-02
1.300955923511135370e-01
1.776948548836606856e-01
7.732715900421125443e-01
5.489117439407810162e-01
5.000000000000000104e-03
1.606063838350612061e-01
1.566215642032721678e-01
1.567801536460373610e-02
9.006446491801040066e-02
2.179168143939804181e-01
5.000000000000000104e-03
5.000000000000000104e-03
6.240628112656926296e-01
6.953321263303658961e-01
4.586637074294194066e-02
5.000000000000000104e-03
1.434599957011219451e-01
2.608972273929741625e-01
5.000000000000000104e-03
1.262271559700536283e-01
1.553928930778716300e-01
4.811163166740572983e-02
4.786405233487179833e-01
4.736992412554943965e-01
5.000000000000000104e-03
5.000000000000000104e-03
2.212517315659355832e-01
5.000000000000000104e-03
5.000000000000000104e-03
5.458397454857302072e-02
5.000000000000000104e-03
1.989490577301632201e-02
3.344815701204545966e-01
7.479610252859972830e-01
5.000000000000000104e-03
5.000000000000000104e-03
5.000000000000000104e-03
5.000000000000000104e-03
5.000000000000000104e-03
2.284317752231345144e-01
1.791288150070713681e-01
5.000000000000000104e-03
6.336743243285447580e-01
2.906428673259024431e-01
5.000000000000000104e-03
5.000000000000000104e-03
8.080476435303658722e-02
5.000000000000000104e-03
5.000000000000000104e-03
1.520985675492249056e-01
3.386765831685495387e-02
1.117763113890208326e-01
4.946536614459807746e-01
7.447482016318089926e-01
5.000000000000000104e-03
1.342921366893210233e-01
5.000000000000000104e-03
5.000000000000000104e-03
5.000000000000000104e-03
5.000000000000000104e-03
5.000000000000000104e-03
5.000000000000000104e-03
3.573847269753562261e-01
5.899863497119767208e-01
1.949420721121693789e-01
2.558626625356765771e-01
4.784260198084569482e-02
1.810225610837719323e-01
5.000000000000000104e-03
2.050153207273334652e-02
1.677487129765763418e-01
5.000000000000000104e-03
5.858913753977726957e-01
4.774265164009562357e-01
2.040567618198110278e-01
2.657396117055112889e-02
1.131091960978249517e-01
5.000000000000000104e-03
1.445290158467464614e-01
1.807658181054269120e-01
5.000000000000000104e-03
5.000000000000000104e-03
4.737505902008432024e-01
4.935309527217323078e-01
1.555378288986842827e-01
1.572483430603554833e-01
4.460108693907673810e-02
5.000000000000000104e-03
5.000000000000000104e-03
2.168153101405025651e-01
5.022094571768008497e-02
1.992271610196367504e-01
6.320868771232880379e-01
5.772852728108358589e-01
5.000000000000000104e-03
2.562953116091555850e-01
5.633500123610180044e-02
5.000000000000000104e-03
5.000000000000000104e-03
5.000000000000000104e-03
1.686390380871135575e-01
5.000000000000000104e-03
5.584464709226614199e-01
6.401063448794008792e-01
5.000000000000000104e-03
2.308568478904910459e-01
5.000000000000000104e-03
1.410755371621595089e-01
5.000000000000000104e-03
5.000000000000000104e-03
1.566034427747553248e-01
3.357066589356262898e-01
3.743906957235946242e-01
3.759560882606754473e-01
5.000000000000000104e-03
2.655901645290871249e-01
8.632182815581994351e-02
5.000000000000000104e-03
5.000000000000000104e-03
5.699244481401559426e-02
5.000000000000000104e-03
5.000000000000000104e-03
6.460401143389326029e-01
3.958784730471349711e-01
9.589810191321040955e-02
4.545660403239892844e-02
2.788044547176893317e-01
5.000000000000000104e-03
1.552649802936911516e-01
5.000000000000000104e-03
5.000000000000000104e-03
1.263178759625316339e-01
5.163421230677887053e-01
4.432862898485411263e-01
2.408443779635315307e-01
1.900928808321509789e-01
3.494125031537496651e-01
5.000000000000000104e-03
4.396774206763446324e-01
2.183848406871156111e-01
6.760185881077498959e-02
5.000000000000000104e-03
3.876604786528877189e-01
4.626698065810033178e-01
3.251286728402918436e-01
2.875047668238659426e-01
5.000000000000000104e-03
1.559966124234887092e-02
2.137276350565983363e-01
5.000000000000000104e-03
2.216474579281320079e-01
5.000000000000000104e-03
5.768942816811637453e-01
7.289444639682892690e-01
3.864960480596758563e-01
4.915305080007186245e-01
5.679276368900301186e-01
4.251355046760947887e-01
7.239717900715744170e-01
4.354216084013631805e-01
5.459591802342604883e-01
4.505155839031386167e-01
8.477804718283977747e-01
6.081132142976893862e-01
2.909864978934759705e-01
5.851069221211971927e-01
5.532767131823176365e-01
4.901844260912587292e-01
4.612596734327918946e-01
5.723037667000243633e-01
3.668022674255783655e-01
5.930941701139492706e-01
7.701847484533766997e-01
7.485623699877195225e-01
5.000000000000000104e-03
5.000000000000000104e-03
5.000000000000000104e-03
2.826014635017071175e-01
2.757845159213052622e-01
1.933933950371560517e-01
5.000000000000000104e-03
3.790001032016503124e-02
5.959973397883570057e-01
6.719083779665163680e-01
1.895760226673854909e-01
2.149351148431676850e-01
2.687271837982965206e-01
5.000000000000000104e-03
2.099788464947655031e-01
3.397416102500165347e-01
3.570142052267654131e-01
5.000000000000000104e-03
3.459518139428761629e-01
3.598729715321344336e-01
5.000000000000000104e-03
4.547545579286266237e-02
1.723392749122663881e-01
1.847159712617611471e-01
5.181152966426638001e-02
3.266862572664194775e-02
5.000000000000000104e-03
5.000000000000000104e-03
4.880009881005827888e-01
5.114966351771572661e-01
5.000000000000000104e-03
5.000000000000000104e-03
1.964144866081824273e-02
5.000000000000000104e-03
1.952987822238312354e-01
2.695106547528561269e-01
5.000000000000000104e-03
6.401980860933136064e-02
5.815469176722389832e-01
3.506419248146592227e-01
5.000000000000000104e-03
3.357064084667230053e-02
1.630255650664998168e-01
5.000000000000000104e-03
5.000000000000000104e-03
5.000000000000000104e-03
5.000000000000000104e-03
6.276362955519391995e-02
3.789613920876895858e-01
3.237085008349354087e-01
5.000000000000000104e-03
4.917317674368757996e-01
2.054290847838489975e-01
5.000000000000000104e-03
2.151874150090560822e-01
6.738801209157174732e-02
5.000000000000000104e-03
5.000000000000000104e-03
4.689104736709670540e-01
4.515834148268976223e-01
5.000000000000000104e-03
2.014306429182970148e-01
5.000000000000000104e-03
5.000000000000000104e-03
5.000000000000000104e-03
5.000000000000000104e-03
2.685679974333706616e-02
5.000000000000000104e-03
2.724113841616002119e-01
7.629500726226098317e-01
1.598407980754742719e-01
3.185777651842357922e-02
2.705486641790164071e-01
1.101869419501983610e-02
5.000000000000000104e-03
5.000000000000000104e-03
2.302493544389872249e-01
5.000000000000000104e-03
6.198412427983998052e-01
7.788119546070790822e-01
3.219253716519056008e-01
5.067618916812476337e-01
5.127019122664600026e-02
5.000000000000000104e-03
1.802976133257632729e-01
1.519200068041131890e-01
2.037799071676971718e-01
5.000000000000000104e-03
5.110478651970792319e-01
5.607895756974033974e-01
5.000000000000000104e-03
5.000000000000000104e-03
4.792597845220752384e-01
3.764031559952299433e-01
5.000000000000000104e-03
4.114907500787555183e-01
2.229456012008912066e-02
5.000000000000000104e-03
5.328258564396561869e-01
3.084543019580369139e-01
5.910248735390628838e-02
5.000000000000000104e-03
7.550042402357554083e-02
5.000000000000000104e-03
5.000000000000000104e-03
2.508618459672469214e-01
5.000000000000000104e-03
5.917767345254574402e-02
4.863472393452966669e-01
3.871758394337554421e-01
5.000000000000000104e-03
5.000000000000000104e-03
5.000000000000000104e-03
7.328060973857108973e-02
2.228618174626304516e-01
9.340259395746170271e-03
5.000000000000000104e-03
2.332699241885068109e-01
2.410705513355169138e-01
4.766158895661297135e-01
5.000000000000000104e-03
3.398261045863836260e-01
5.000000000000000104e-03
5.000000000000000104e-03
8.888542186753708996e-02
2.350959274814111433e-02
5.000000000000000104e-03
5.000000000000000104e-03
2.992145494658606242e-01
4.345943063606355072e-01
2.179028103709201303e-01
2.273734923175459444e-01
5.000000000000000104e-03
1.458428129576674614e-01
5.000000000000000104e-03
9.152802296868328691e-02
3.222969950932375593e-01
5.000000000000000104e-03
3.279100715758146989e-01
2.889213443410523774e-01
8.397783850725699939e-02
1.842248855044085754e-01
1.846494172202651773e-01
4.267850680122188822e-01
3.449489820905450865e-01
5.000000000000000104e-03
5.974933969489355096e-02
5.000000000000000104e-03
6.819765546367327902e-01
5.415123229397669213e-01
1.902775564922111751e-01
5.000000000000000104e-03
4.595472984745642420e-02
1.334903706358843423e-01
5.000000000000000104e-03
2.241632728918969975e-01
2.356352630226924427e-01
3.961335350753592555e-01
5.667021943078152102e-01
4.425353851383964643e-01
1.300789215025470284e-02
5.000000000000000104e-03
6.179016125462562931e-02
2.790391960540330452e-01
1.113328458859048353e-01
5.000000000000000104e-03
5.000000000000000104e-03
1.017768001004816930e-01
5.382398575452546075e-01
5.441109985042763553e-01
5.000000000000000104e-03
3.786140453832061437e-01
5.000000000000000104e-03
1.076554686446742487e-01
1.710576098584897231e-01
2.563236706008390486e-01
3.788602153547453999e-01
8.929505592833746064e-02
4.995876496075518092e-01
8.205691702100539331e-01
4.062683003625279787e-01
3.038886878334367547e-01
4.914093635804431814e-01
5.813148801340097815e-01
5.687651536575107913e-01
4.174389757446907434e-01
4.841114993985699555e-01
5.663603639765394382e-01
8.553563840528156659e-01
7.458284021757382032e-01
5.422017729387418328e-01
5.993780815703604326e-01
3.652460504515707695e-01
5.294879391911838651e-01
6.160767162316104217e-01
7.182232204493486094e-01
3.632819515151708423e-01
4.908005239155692756e-01
7.915206911707636239e-01
4.112898841223602830e-01
5.000000000000000104e-03
2.891416011372999750e-01
5.000000000000000104e-03
5.000000000000000104e-03
4.424848050399477623e-02
1.904810798748479417e-01
5.348237367648320251e-02
5.000000000000000104e-03
4.413223003763171448e-01
3.946422229733065890e-01
5.000000000000000104e-03
2.146169360122268110e-01
5.653143361819246843e-02
3.478476818316814656e-01
1.470300420610566872e-01
2.005331701229840780e-01
5.000000000000000104e-03
5.000000000000000104e-03
4.422899031922020163e-01
1.307031719387691526e-01
1.417142146744658771e-01
1.313004377736172734e-01
5.000000000000000104e-03
1.317394367793503773e-01
1.591245345118570687e-01
8.939520665330163984e-02
5.000000000000000104e-03
5.000000000000000104e-03
4.162329022249688926e-01
5.623236210482469577e-01
2.116540815319907787e-01
2.842105161856663398e-01
5.000000000000000104e-03
5.000000000000000104e-03
5.000000000000000104e-03
1.026156658193838195e-01
1.088529735349389599e-01
5.000000000000000104e-03
6.781628037219196159e-01
7.391835153376588030e-01
3.557838561007683476e-01
1.214349072196325291e-01
5.291525851713022727e-02
1.363777942200687376e-01
5.000000000000000104e-03
8.587606228962832433e-02
5.000000000000000104e-03
5.000000000000000104e-03
6.448244692752468366e-01
5.035733170230428657e-01
2.335885161818515576e-01
5.000000000000000104e-03
5.000000000000000104e-03
3.175814415644128696e-01
5.000000000000000104e-03
5.000000000000000104e-03
1.030612498876362082e-01
5.000000000000000104e-03
3.078140143495632364e-01
5.410854315204912668e-01
1.574058685278723335e-01
1.341593527796040020e-01
4.140677506652392509e-02
7.791936779483265435e-03
5.000000000000000104e-03
5.000000000000000104e-03
5.000000000000000104e-03
1.520157517027715122e-01
3.072664641320931311e-01
6.898411203596748198e-01
5.000000000000000104e-03
5.000000000000000104e-03
5.000000000000000104e-03
5.000000000000000104e-03
5.000000000000000104e-03
1.085552423273275918e-01
5.314732024081200712e-02
2.228314956291431448e-01
6.757819406886985680e-01
6.067298799294605915e-01
3.651019509928507545e-01
7.547312399821118345e-02
5.000000000000000104e-03
3.814751676388469792e-02
5.780008968271174025e-02
1.085340105414322742e-01
5.000000000000000104e-03
5.000000000000000104e-03
3.522373455213339000e-01
5.202143530809211214e-01
5.000000000000000104e-03
5.000000000000000104e-03
4.142377750377000678e-02
5.000000000000000104e-03
5.000000000000000104e-03
1.956947916829810119e-01
1.005452141024560236e-01
5.000000000000000104e-03
5.799956367378928945e-01
5.031345375242551876e-01
3.245607886019239996e-01
5.000000000000000104e-03
7.346450781812394193e-02
5.000000000000000104e-03
5.000000000000000104e-03
1.832150881839728074e-01
5.000000000000000104e-03
5.000000000000000104e-03
5.380140148340066819e-01
4.785348516209623759e-01
2.347431698404013889e-01
5.000000000000000104e-03
5.000000000000000104e-03
7.313629427705582720e-02
4.458259794548523058e-01
1.581169609618575111e-01
5.000000000000000104e-03
5.000000000000000104e-03
5.788282294316654530e-01
3.425979242624418442e-01
5.000000000000000104e-03
1.666873395642704259e-01
2.599637094735062770e-01
4.803357271195000944e-02
3.056611479197804959e-01
1.286646962308775066e-01
5.000000000000000104e-03
1.829836408198114439e-01
5.318337958372648666e-01
6.993484572534095500e-01
1.098358084500813819e-01
5.000000000000000104e-03
3.030792856249348716e-02
3.968110667996692098e-01
9.878814939669681994e-02
5.000000000000000104e-03
2.093826182929323376e-01
4.118847774059427591e-01
5.990063306173608604e-01
6.324298116834473626e-01
1.424177225086033227e-01
8.717416362762088478e-02
1.227049443276244031e-02
5.000000000000000104e-03
2.076068663180452301e-01
1.297979809355363778e-01
3.157337449033930654e-01
1.620765235685070471e-01
4.398478132398467300e-01
5.799501885257830613e-01
1.355922010814799572e-01
5.000000000000000104e-03
2.281484112763423333e-01
4.968569168034776551e-01
6.841839180293085576e-02
5.000000000000000104e-03
1.172592444276568252e-01
5.000000000000000104e-03
2.091016339878284669e-01
6.417301967963287002e-01
2.331476298062623298e-01
5.000000000000000104e-03
3.048554024632019743e-01
3.228325293573268695e-01
5.000000000000000104e-03
4.282517723643140123e-02
4.045750220925697915e-02
5.000000000000000104e-03
4.686542445434583870e-01
8.198852103693667903e-01
2.168448319458103624e-01
5.000000000000000104e-03
5.000000000000000104e-03
5.000000000000000104e-03
5.000000000000000104e-03
4.498456138371768054e-01
1.468442636579643801e-01
2.424564948952958321e-01
4.049044788327773037e-01
8.017638398232078689e-01
7.266973056130776598e-01
2.792073591736201066e-01
4.509033546047563346e-01
4.427157314780755804e-01
1.594322572262922011e-01
5.030662477958579570e-01
5.554027764744424722e-01
4.825631311127845935e-01
7.321730227274565461e-01
7.722410021433864236e-01
5.107340615357817137e-01
6.620834855071637826e-01
3.121273307046997791e-01
6.089863633182368563e-01
4.872941741278746797e-01
4.456681532717267635e-01
4.934911886043362728e-01
5.922844835898681826e-01
7.260161737386175984e-01
4.877696567481321077e-01
1.500956164369365575e-01
2.532757234455119133e-01
5.000000000000000104e-03
5.000000000000000104e-03
5.000000000000000104e-03
5.000000000000000104e-03
7.362886778779426274e-03
2.947606781894173203e-02
5.209113104317971699e-01
1.490434931485595527e-01
5.000000000000000104e-03
5.938030950172976802e-02
1.145666287698148128e-01
1.583687124449323080e-01
7.744578736313151301e-02
1.985232186140740707e-01
1.676207407111207637e-02
5.602421701737855114e-02
6.622184995493716198e-01
5.373941638344910121e-01
3.818594736583811322e-01
5.000000000000000104e-03
5.000000000000000104e-03
5.000000000000000104e-03
3.710327293909230773e-01
4.870902494199041977e-01
7.530828386473695235e-02
5.000000000000000104e-03
5.543604225989969825e-01
7.185129568646617670e-01
7.612803431706011148e-02
5.000000000000000104e-03
4.429489879349499115e-02
1.283319721920902212e-01
2.646124328560129357e-01
5.000000000000000104e-03
5.000000000000000104e-03
5.000000000000000104e-03
3.116582768248569724e-01
6.269416574681639931e-01
5.000000000000000104e-03
5.000000000000000104e-03
2.950077595834759703e-01
5.000000000000000104e-03
5.000000000000000104e-03
1.239105341543929491e-02
5.000000000000000104e-03
1.646027987758870159e-01
5.611414180921202588e-01
8.223565336030554951e-01
1.562063240689939014e-01
5.000000000000000104e-03
5.000000000000000104e-03
8.181695368407558566e-02
5.000000000000000104e-03
5.000000000000000104e-03
5.000000000000000104e-03
8.717219187358024590e-02
3.722940334312345168e-01
6.378203733653228236e-01
5.000000000000000104e-03
5.000000000000000104e-03
5.000000000000000104e-03
2.264353720756370203e-01
7.308154689422347028e-02
5.000000000000000104e-03
1.937675103464645554e-01
5.585991299061272841e-02
5.517101284955089335e-01
4.978731599209090253e-01
4.733225874784779963e-02
5.000000000000000104e-03
1.625815039720979738e-01
5.000000000000000104e-03
5.000000000000000104e-03
1.321867936016472289e-01
2.268014171964591597e-01
2.032507165541183602e-01
7.162474721333835781e-01
5.971672895357413857e-01
5.000000000000000104e-03
5.000000000000000104e-03
5.000000000000000104e-03
6.369480401334905173e-02
5.000000000000000104e-03
1.899284499809776039e-01
5.000000000000000104e-03
5.000000000000000104e-03
8.331834199939635033e-01
6.347084624677046261e-01
5.000000000000000104e-03
5.000000000000000104e-03
5.000000000000000104e-03
5.000000000000000104e-03
2.689993924215439702e-01
5.000000000000000104e-03
5.000000000000000104e-03
1.229282309547979485e-01
5.712792287706482952e-01
2.455817540224121964e-01
7.791070381778948672e-02
7.880518303292383120e-02
5.000000000000000104e-03
4.858264627804512181e-02
2.726066941874066840e-01
3.763478305657114859e-02
5.000000000000000104e-03
9.346962137862493969e-02
4.784116725150959204e-01
6.030098022764620591e-01
5.000000000000000104e-03
5.000000000000000104e-03
5.000000000000000104e-03
5.000000000000000104e-03
5.000000000000000104e-03
1.210287715953543286e-01
5.241091226266593461e-02
5.000000000000000104e-03
7.908323123658004272e-01
5.348986460004812038e-01
3.271619044473542126e-01
5.000000000000000104e-03
5.000000000000000104e-03
7.418686288153504560e-02
5.000000000000000104e-03
1.843883677080130623e-01
2.441624603820904404e-01
5.000000000000000104e-03
4.796054433519392202e-01
6.192200052686955836e-01
4.039867250002164567e-02
5.000000000000000104e-03
5.000000000000000104e-03
5.000000000000000104e-03
5.642186084573345278e-02
1.936255504008777828e-01
5.212658075214842562e-02
9.178130908413412170e-02
4.352868896994739889e-01
3.098669749041282340e-01
8.873297255034388875e-02
7.625818704689464253e-03
5.000000000000000104e-03
5.000000000000000104e-03
1.998297112142383980e-01
1.207315997997532170e-01
8.968456566061343282e-02
1.907006644857256183e-01
4.556683059427403815e-01
5.179437819308290170e-01
3.968758845619377862e-01
5.714374573847091215e-02
9.565293794866081001e-02
5.000000000000000104e-03
1.701681257385495305e-01
5.000000000000000104e-03
1.469287374571035497e-02
5.000000000000000104e-03
6.986576605631694692e-01
6.068492686061526253e-01
5.000000000000000104e-03
1.222997086343562412e-01
1.549137165098727620e-01
5.000000000000000104e-03
2.038992514101138631e-01
5.000000000000000104e-03
2.923190403547684113e-01
1.809627360358044834e-01
3.212117567980692368e-01
6.462986493724878212e-01
5.000000000000000104e-03
5.000000000000000104e-03
5.000000000000000104e-03
5.000000000000000104e-03
1.426344053555962110e-01
1.517966035596411689e-01
2.806455182659123304e-01
5.000000000000000104e-03
4.864340007037672997e-01
7.823447422226986747e-01
5.278607168919086101e-01
5.037403799542323757e-01
5.175912379210205749e-01
7.915578827537330664e-01
4.168690687854528787e-01
7.227730745019750325e-01
5.318943752700894256e-01
5.532973358785823192e-01
8.247052665260129478e-01
6.491745452832475838e-01
3.907356552358233759e-01
5.386264604706381132e-01
6.374244913843427618e-01
4.989732183871883886e-01
3.068806043701677311e-01
6.475754347047149029e-01
5.539189877727346278e-01
5.943556565264117575e-01
9.179382342421522623e-01
3.524246282210438119e-01
5.000000000000000104e-03
3.244339139995045529e-01
2.063008430585584196e-01
5.000000000000000104e-03
9.826666385057007680e-02
1.721976858062054250e-01
6.207037199825713586e-03
5.000000000000000104e-03
7.512902506716232498e-01
3.833625664329390892e-01
5.000000000000000104e-03
1.405526475973385182e-02
1.124452016024207329e-01
5.000000000000000104e-03
5.000000000000000104e-03
2.824201668721649794e-01
1.865909150729836707e-01
5.000000000000000104e-03
5.770868173888883401e-01
4.438551270233296875e-01
2.919227106632900637e-01
1.426897290374417038e-01
5.000000000000000104e-03
1.434088431680167752e-01
2.512558931002008555e-01
3.694376094300260704e-01
5.372634521554637416e-02
2.202188565332226927e-02
6.521951651239468184e-01
7.590536424330547316e-01
6.627601900365412413e-02
5.000000000000000104e-03
5.000000000000000104e-03
3.567066536411118288e-02
1.311142933849651082e-01
2.205879163552839362e-01
3.451021348762742802e-01
1.727121470500179168e-01
5.394855953433089768e-01
4.383073552094417513e-01
6.569448163466699853e-02
2.567248963548482976e-01
2.943242396030714206e-02
5.000000000000000104e-03
3.984758143101098660e-01
2.326516262119267542e-01
5.000000000000000104e-03
5.000000000000000104e-03
6.454969034729066690e-01
6.512330427044744630e-01
2.720437376774531013e-01
1.145123509864787587e-01
5.000000000000000104e-03
4.203362597926500743e-02
6.818883948801365835e-02
1.852435271618606549e-01
1.061422559600592730e-01
2.933753968496863318e-01
6.856004462384096554e-01
5.960302372262094028e-01
4.073097324442931932e-01
5.000000000000000104e-03
5.000000000000000104e-03
5.000000000000000104e-03
5.000000000000000104e-03
5.000000000000000104e-03
2.649996968683319132e-01
2.358271830675257308e-01
4.948027779995701758e-01
6.988364727476245042e-01
3.646690331803943974e-01
4.294292236951294806e-01
2.589322639186687480e-01
5.000000000000000104e-03
5.000000000000000104e-03
9.395252759212381621e-02
2.166288204676510010e-02
9.452590552038109967e-03
6.208872977046671071e-01
5.932803671895179320e-01
7.283445511631143898e-02
8.833050967075127546e-02
7.511064910769683911e-02
8.235255373108133284e-03
5.000000000000000104e-03
1.062301997933345621e-01
5.000000000000000104e-03
3.973468232137774003e-01
5.435008616280470051e-01
3.769624669380058357e-01
2.231629268424049073e-01
3.011592816305646569e-01
1.213561580726949807e-01
6.611286299831005409e-02
5.000000000000000104e-03
5.000000000000000104e-03
5.000000000000000104e-03
3.798226490454814641e-02
5.709102173023691273e-01
4.258222556157148508e-01
4.104819712142403210e-02
1.726756463964761179e-01
7.664230114003352246e-02
5.000000000000000104e-03
1.287758093691918626e-01
6.799488116731355891e-02
7.859853845995096178e-02
5.000000000000000104e-03
4.144906775695960111e-01
6.097636973868392207e-01
2.102531375997858110e-01
5.000000000000000104e-03
1.533393878332652005e-01
2.455638443018928752e-01
4.954028130154565501e-02
2.206657234124018499e-02
5.000000000000000104e-03
5.000000000000000104e-03
5.698967976932032276e-01
4.569319221399983921e-01
5.868500353643159306e-02
5.000000000000000104e-03
1.942739048479144581e-01
1.365696043782517743e-01
2.719847567300557323e-01
5.000000000000000104e-03
9.870087949460688848e-02
1.451963258887785657e-01
7.363705820112291800e-01
5.526653711312440320e-01
5.000000000000000104e-03
7.702299710849359882e-02
5.000000000000000104e-03
5.000000000000000104e-03
5.000000000000000104e-03
5.000000000000000104e-03
1.467864653884982072e-02
5.000000000000000104e-03
6.049814123965745472e-01
5.417645627413080200e-01
5.000000000000000104e-03
5.000000000000000104e-03
1.696293599111314485e-02
5.000000000000000104e-03
1.788553150285901172e-01
1.526817001008458907e-01
5.000000000000000104e-03
5.000000000000000104e-03
5.884306957922200709e-01
5.246116855848551586e-01
2.830530817947755906e-02
5.000000000000000104e-03
5.000000000000000104e-03
5.000000000000000104e-03
3.179838568553425282e-01
7.974848801856443403e-02
2.326948187780041311e-01
5.000000000000000104e-03
2.922214869719031438e-01
5.226328783829428115e-01
5.000000000000000104e-03
9.754380076328535154e-02
4.478665240862195751e-01
5.000000000000000104e-03
2.298169823444207172e-01
1.689626783121596365e-01
5.000000000000000104e-03
5.000000000000000104e-03
3.046203687323965070e-01
3.918912224060642213e-01
5.000000000000000104e-03
2.184977224232491078e-01
5.000000000000000104e-03
5.000000000000000104e-03
5.000000000000000104e-03
3.987681738458438707e-02
1.345605433056391333e-02
1.919182067719871765e-01
6.043517121558533711e-01
7.488545006884461674e-01
4.977496357756422407e-01
4.617612622885456930e-01
3.410034163143448871e-01
5.410184774840861577e-01
4.996723399129671672e-01
4.710805005383849053e-01
5.305162652550949876e-01
6.442957539800883149e-01
8.058709198121929429e-01
6.452979589456330212e-01
5.398146967852611722e-01
6.243918413766443853e-01
3.548918430149607395e-01
4.388599902123085927e-01
2.390169637698532357e-01
3.853581651877623360e-01
4.295956689268899398e-01
5.253991372301989315e-01
7.170436178375038105e-01
4.725505893437819682e-01
5.000000000000000104e-03
1.008743495530063372e-01
2.029320932670801714e-01
1.130437730960930504e-01
5.000000000000000104e-03
5.000000000000000104e-03
9.849382588316168974e-02
1.555429311508908508e-01
5.431582066991093027e-01
5.446031873779578758e-01
1.669435268822607732e-01
1.018050663862634653e-01
5.000000000000000104e-03
1.353549637456132604e-01
5.000000000000000104e-03
1.364810062567841931e-01
5.000000000000000104e-03
2.488228416753288097e-01
4.770756687823387576e-01
5.169116910169834211e-01
5.000000000000000104e-03
5.000000000000000104e-03
6.085918194020834698e-02
5.000000000000000104e-03
2.247705891645891685e-01
5.000000000000000104e-03
5.000000000000000104e-03
1.188668072497325451e-01
5.701083980112567895e-01
4.710730243325370048e-01
5.000000000000000104e-03
5.000000000000000104e-03
5.000000000000000104e-03
4.378572247924410465e-01
5.000000000000000104e-03
3.035342671681262594e-01
5.000000000000000104e-03
5.000000000000000104e-03
4.493224101489035616e-01
6.735994615272407060e-01
3.443063902769697426e-01
2.045408699837672484e-02
5.000000000000000104e-03
2.085074879687662253e-01
5.000000000000000104e-03
5.955715400187931718e-02
5.000000000000000104e-03
4.418196972522780985e-02
3.167116409435710156e-01
6.481421927691836116e-01
2.090136727029796582e-01
2.490707470068287965e-01
1.265508125880845935e-01
2.063889893824644994e-01
2.689106716056662294e-01
9.351757389479489757e-02
6.544853896738972443e-02
5.000000000000000104e-03
4.967522614880814924e-01
4.459585385103593258e-01
4.751647479553785386e-02
5.000000000000000104e-03
5.000000000000000104e-03
7.523222941184952439e-02
5.000000000000000104e-03
5.000000000000000104e-03
2.943234256195675358e-01
5.000000000000000104e-03
4.609479612096181733e-01
5.410202727061519390e-01
2.090799020553156876e-02
5.787718370617264685e-02
1.318229395970609875e-02
2.973656627856478135e-02
5.000000000000000104e-03
1.593088395635530730e-02
5.263361682368828537e-02
9.977347135129719172e-03
4.076043006368730293e-01
6.760076224013692459e-01
5.000000000000000104e-03
2.987787804566224142e-02
5.000000000000000104e-03
7.771470389538817809e-03
2.271216227972870996e-02
1.270943140552204531e-01
3.127812083650134967e-01
1.464204019548382973e-01
5.326660917495187331e-01
4.941599874956982830e-01
2.490393791712336991e-01
4.298944663050246334e-02
5.000000000000000104e-03
5.000000000000000104e-03
5.000000000000000104e-03
2.033623866709130812e-01
5.000000000000000104e-03
5.000000000000000104e-03
6.428201584329112928e-01
4.310484115229324953e-01
1.958522324410751914e-01
9.802001355670159066e-02
5.000000000000000104e-03
6.703415027956585726e-02
1.412651109159516194e-01
1.062379344553211341e-01
1.070819243746334512e-02
6.894515650345599267e-02
3.795988458321156722e-01
5.437279460809785192e-01
5.000000000000000104e-03
8.541118716967529070e-03
1.528491527492220337e-01
5.000000000000000104e-03
9.812289383631628281e-02
1.218518579942746288e-01
5.000000000000000104e-03
5.000000000000000104e-03
4.267265673302549911e-01
2.925097815163669734e-01
5.000000000000000104e-03
6.909592834161803858e-03
5.000000000000000104e-03
5.000000000000000104e-03
5.000000000000000104e-03
2.072159536016887071e-01
5.000000000000000104e-03
5.000000000000000104e-03
4.293769782202334628e-01
5.203024442437612640e-01
2.697125144664798690e-01
1.424036689970803737e-01
5.000000000000000104e-03
2.520459880709673139e-02
1.191973454755294037e-01
5.000000000000000104e-03
2.510193819289366357e-01
5.000000000000000104e-03
3.737848284020804934e-01
2.381384130527316734e-01
5.000000000000000104e-03
5.000000000000000104e-03
5.000000000000000104e-03
1.066837460437912027e-01
1.592573230147514285e-01
2.654735122557929095e-01
5.000000000000000104e-03
5.000000000000000104e-03
5.849995353600789816e-01
4.596572064929679291e-01
5.000000000000000104e-03
4.229937584269374135e-02
1.001768870368013181e-01
1.194568285324483364e-01
2.879104401070581298e-01
6.476198931934787351e-02
2.839280400701323370e-01
5.000000000000000104e-03
6.931689711523990605e-01
6.168109076671203228e-01
5.000000000000000104e-03
3.885971194898755338e-02
1.444991057747001539e-01
5.000000000000000104e-03
2.440417685973710338e-01
5.000000000000000104e-03
3.008246664064123110e-01
2.024601500701418977e-01
6.879176766548907862e-01
6.001419599877177991e-01
1.045945087525876616e-01
5.000000000000000104e-03
2.842490970533302908e-01
5.000000000000000104e-03
5.000000000000000104e-03
5.000000000000000104e-03
5.000000000000000104e-03
5.000000000000000104e-03
3.548116100408578721e-01
8.057251486407118746e-01
4.354790021778695008e-01
5.656372659368671396e-01
5.072546561517838892e-01
4.435722546624265017e-01
3.346504730523456872e-01
4.860765150348898556e-01
3.632589368149927167e-01
4.750224334009036098e-01
7.392474639797396163e-01
7.503103617621456056e-01
5.638224107829481468e-01
6.297794365451286902e-01
6.439268694541719906e-01
4.056968976652025605e-01
5.362710087152618987e-01
6.023389819074179696e-01
4.021429478943602809e-01
5.479145188864932292e-01
7.322318848389504087e-01
5.637355867666986597e-01
2.578008392904300103e-02
5.000000000000000104e-03
1.279336888843700393e-01
5.000000000000000104e-03
3.533800039062666709e-01
5.000000000000000104e-03
1.270311314583668916e-01
4.476314088456703061e-02
4.185273806875204894e-01
5.863326626243553497e-01
3.898720271715955810e-01
5.000000000000000104e-03
3.536248187945811167e-02
5.000000000000000104e-03
5.000000000000000104e-03
2.690401509280981318e-01
5.000000000000000104e-03
5.000000000000000104e-03
6.779426029346622418e-01
6.570701968177286023e-01
5.000000000000000104e-03
3.348202329549857664e-02
5.035391856580037073e-01
1.233910950953669428e-01
5.000000000000000104e-03
5.000000000000000104e-03
2.753360898767971410e-01
3.212654937945907951e-02
4.090396892424605357e-01
5.552335739433604811e-01
1.693565595018093062e-01
5.000000000000000104e-03
1.902056273325942737e-01
1.077470468923844016e-02
5.000000000000000104e-03
5.000000000000000104e-03
1.196908592739521909e-01
1.021003802954782713e-01
1.584575322693598520e-01
4.641455046841728160e-01
5.000000000000000104e-03
5.000000000000000104e-03
5.000000000000000104e-03
1.833642594600619902e-01
8.399820297154309001e-02
1.906733489554144345e-01
1.414055484899699733e-01
1.452331718193460852e-01
3.298920369538861364e-01
3.971348429056101303e-01
5.000000000000000104e-03
5.000000000000000104e-03
5.000000000000000104e-03
5.000000000000000104e-03
7.917796884180276773e-02
4.335466410808093418e-02
1.386045807247389128e-01
5.000000000000000104e-03
2.078506080251993904e-01
5.574678693845097621e-01
7.144193989357648655e-02
1.029626790663150243e-01
2.508400957420211519e-01
1.400593054283834904e-01
5.000000000000000104e-03
5.000000000000000104e-03
5.000000000000000104e-03
3.712241521354272544e-01
3.415176856439536834e-01
5.704144507582598056e-01
5.000000000000000104e-03
5.000000000000000104e-03
5.000000000000000104e-03
5.000000000000000104e-03
5.000000000000000104e-03
1.578025091886307019e-01
5.000000000000000104e-03
2.296126322263222497e-01
3.572843244146415853e-01
4.123833611500755669e-01
2.037438293101950237e-01
1.500641833204689746e-01
5.000000000000000104e-03
5.000000000000000104e-03
1.391078114017575418e-01
5.000000000000000104e-03
5.348316970958014172e-03
2.910081551797652488e-01
6.243150623171523916e-01
4.630061349697046219e-02
5.000000000000000104e-03
4.751777272535711583e-01
5.000000000000000104e-03
5.000000000000000104e-03
7.621647018536957530e-02
1.053552357396639189e-01
2.017347250443898010e-01
1.803813668427293182e-01
4.354516971728634167e-01
3.481571718398329129e-01
5.000000000000000104e-03
5.000000000000000104e-03
5.000000000000000104e-03
5.000000000000000104e-03
3.226303089128167434e-01
5.000000000000000104e-03
5.000000000000000104e-03
4.540642269894257788e-01
5.946192900448747931e-01
3.793393970288447270e-01
5.000000000000000104e-03
6.776251668577953913e-03
5.000000000000000104e-03
5.000000000000000104e-03
5.000000000000000104e-03
1.083758252646630504e-01
5.000000000000000104e-03
2.208032257395925735e-01
4.486692918409513342e-01
3.772978376142958612e-01
5.000000000000000104e-03
1.628784574047237310e-01
1.963914646154408805e-01
7.204124541957727945e-02
5.000000000000000104e-03
5.000000000000000104e-03
5.616183899620279946e-02
5.000000000000000104e-03
3.638444162911135815e-01
5.016016552290675223e-01
1.807777563237387697e-01
5.000000000000000104e-03
5.000000000000000104e-03
8.443778287681159844e-02
6.358320186833235632e-02
5.000000000000000104e-03
2.071459581922641402e-01
1.325403477231635319e-01
2.747446636067282233e-01
1.711783214681000254e-01
5.000000000000000104e-03
5.000000000000000104e-03
1.630572869264146907e-01
5.000000000000000104e-03
5.000000000000000104e-03
5.000000000000000104e-03
5.000000000000000104e-03
2.389080957197252664e-01
6.917868350852866000e-01
4.693995977463986113e-01
7.826998849296606942e-02
5.000000000000000104e-03
1.912600882826968607e-01
5.000000000000000104e-03
5.000000000000000104e-03
5.000000000000000104e-03
1.918089798361952425e-01
5.000000000000000104e-03
4.133270408617523151e-01
5.751475209776257813e-01
5.000000000000000104e-03
5.000000000000000104e-03
5.000000000000000104e-03
5.000000000000000104e-03
1.118337979523557346e-01
5.000000000000000104e-03
5.000000000000000104e-03
2.237071406942829632e-01
8.126405644898778702e-01
4.732049490310437090e-01
5.168825737050111030e-02
5.000000000000000104e-03
4.355227183735719265e-01
5.794273266238429698e-03
5.000000000000000104e-03
5.000000000000000104e-03
5.000000000000000104e-03
1.162888357195071970e-01
6.473105461674111272e-01
8.447003166254208884e-01
6.342128843189284160e-01
6.651531534748185148e-01
4.530106232402310029e-01
6.745119292561433388e-01
6.410101650189108380e-01
7.372716964039027765e-01
5.008648039524756790e-01
3.692318603722732351e-01
8.776414695195884352e-01
7.953173254271821424e-01
6.229607113551302033e-01
6.988357335333249543e-01
7.828807787669699314e-01
4.824745874763464171e-01
8.237749234273338272e-01
8.200283916338719781e-01
6.961292846185502814e-01
7.831607451291515698e-01
9.637186256312685328e-01
6.561075305407743086e-01
5.122957251824271641e-01
2.877611025874706741e-01
5.004495768052721338e-01
6.448266649987395294e-01
7.218606352840591933e-01
6.209616418091308265e-01
3.833796191748973237e-01
5.667140945967376053e-01
6.963520367136373235e-01
7.300257271828866079e-01
6.558259274773864389e-01
4.924791346078414844e-01
4.594602630418013200e-01
5.013283256141591870e-01
4.449844539651742203e-01
3.580799554075935753e-01
5.067734268272338083e-01
4.232400634932514394e-01
7.002204271181677875e-01
7.383698930331417110e-01
5.069227371043375507e-01
4.261954553049591143e-01
4.421241901850228029e-01
7.141564109439062502e-01
4.364949764593357706e-01
7.215579675573460250e-01
3.784403826877683064e-01
6.967082225652923011e-01
7.761153167181172874e-01
6.864554602483825541e-01
2.069517627803764970e-01
4.837113721839179648e-01
5.064298967901996740e-01
5.216180048262913926e-01
6.708918487414464726e-01
4.072248510902081731e-01
5.274135447612614547e-01
5.505075351074605328e-01
7.096491488503940959e-01
7.719696448193522631e-01
4.824482449406232165e-01
3.627155552944427708e-01
5.649350934605393837e-01
6.118495168309806553e-01
3.067428467415695414e-01
5.409545213458660795e-01
4.245014623107558061e-01
6.139964107277128269e-01
8.568000320082348464e-01
7.087105071373133169e-01
5.325401887952284641e-01
4.599807374763101864e-01
4.601211900558891399e-01
5.622490530484803850e-01
4.547168861777235449e-01
2.969452007734799115e-01
4.608886218747549335e-01
3.243202406901481427e-01
6.752360386215258137e-01
7.174252653379548095e-01
5.845229903917013026e-01
6.790125491358066645e-01
3.851633307308838794e-01
4.854115469025273577e-01
7.012793039980468324e-01
3.985077076793662743e-01
1.229939675872633031e-01
4.304704940711987504e-01
7.776275175707917375e-01
7.673424681867084818e-01
6.765565967608501152e-01
3.855334402347377343e-01
4.236989327543862482e-01
4.142806109598196063e-01
5.216730661041785178e-01
5.036798735595873211e-01
2.521093937504094717e-01
6.827595716163307182e-01
7.247274000879335709e-01
6.660522622491170663e-01
2.083742426509910539e-01
4.322775325517094758e-01
5.242862700245498608e-01
6.289198291373455652e-01
7.076705344951089716e-01
5.895133061784690875e-01
4.178071629228632955e-01
4.592267650525282963e-01
8.844222319318375547e-01
6.426461164170411688e-01
5.939945089379971011e-01
6.705479459318005597e-01
3.855901460517628387e-01
5.785447474792803080e-01
5.587712389352932352e-01
6.020281207592653727e-01
1.659507881451558753e-01
6.017700046813182491e-01
8.343574053423612469e-01
7.090877872100704860e-01
3.919567626655467985e-01
4.090604723399530185e-01
4.168599807223466458e-01
6.724458236422685697e-01
3.015116149518307087e-01
4.955117261492995584e-01
5.722770523699489686e-01
5.449375881674720645e-01
6.951440619573248103e-01
7.459471978227552036e-01
6.424603554717682741e-01
5.513110552489641769e-01
5.807596754228178115e-01
4.510617532364651905e-01
6.480718668356640899e-01
6.898219183318321512e-01
5.257574073728275010e-01
4.348005896783516677e-01
8.520189453341751040e-01
8.779221398843563007e-01
7.731909369229260642e-01
5.012264308565250737e-01
4.909905131510468035e-01
4.844476267635416389e-01
2.364804547251307953e-01
3.185973476217897615e-01
4.230685266206516415e-01
3.772672754983842913e-01
9.058928565302802882e-01
8.122395466653996587e-01
5.745415026155746840e-01
3.931541662740122844e-01
4.125349513360021536e-01
2.046228238551068279e-01
5.237082358799027837e-01
6.440516058159970747e-01
5.912697447429556830e-01
4.471081036575313417e-01
5.758361829210674188e-01
7.432127438789636331e-01
4.412265397025298408e-01
4.368810465742462568e-01
3.107585726972790785e-01
6.736442944524759779e-01
4.241447338713109638e-01
4.313876602069624533e-01
3.733968963008605368e-01
6.812658730721455891e-01
9.237154685362576334e-01
7.911222071370993536e-01
6.562722537084327845e-01
4.128095971472210968e-01
4.686381573741196238e-01
2.299833117848645025e-01
5.287340467343717432e-01
5.889828960491578780e-01
5.686522746126739802e-01
6.468345745029033811e-01
8.457103807165693432e-01
6.527558696655657577e-01
5.907307305939986097e-01
2.784232422888277547e-01
4.624041089838071827e-01
5.815064880422119442e-01
3.826092324015766821e-01
5.738584634847044841e-01
7.039693788690385423e-01
5.735799689342153673e-01
8.505229038469240832e-01
8.801167400993691325e-01
6.418234050720942330e-01
6.916138349993670165e-01
6.010363304773169713e-01
5.637579258871808774e-01
5.794727046422090133e-01
6.551694091212632021e-01
5.984286635314509661e-01
7.231468433854641997e-01
7.117946642691060921e-01
9.246840912966707293e-01
8.237341858058893074e-01
8.053274274719425252e-01
8.018554775930329948e-01
7.373271154542616612e-01
7.584602166555568514e-01
7.941692083428547599e-01
7.832125436038351873e-01
9.148447975652486130e-01
9.914044018716792195e-01
